date,SOLUSDT,XRPUSDT,BNBUSDT,DOTUSDT,DOGEUSDT,ADAUSDT,AVAXUSDT,AXSUSDT,MATICUSDT,FTMUSDT,LTCUSDT,LINKUSDT
2022-01-01 00:00:00+00:00,0.0,0.0,0.0,0.0,0.0,0.0,0.0,0.0,0.0,0.0,0.0,0.0
2022-01-02 00:00:00+00:00,0.0,0.0,0.0,0.0,0.0,0.0,0.0,0.0,0.0,0.0,0.0,0.0
2022-01-03 00:00:00+00:00,0.0,0.0,0.0,0.0,0.0,0.0,0.0,0.0,0.0,0.0,0.0,0.0
2022-01-04 00:00:00+00:00,0.0,0.0,0.0,0.0,0.0,0.0,0.0,0.0,0.0,0.0,0.0,0.0
2022-01-05 00:00:00+00:00,0.0,0.0,0.0,0.0,0.0,0.0,0.0,0.0,0.0,0.0,0.0,0.0
2022-01-06 00:00:00+00:00,0.0,0.0,0.0,0.0,0.0,0.0,0.0,0.0,0.0,0.0,0.0,0.0
2022-01-07 00:00:00+00:00,0.0,0.0,0.0,0.0,0.0,0.0,0.0,0.0,0.0,0.0,0.0,0.0
2022-01-08 00:00:00+00:00,0.0,0.0,0.0,0.0,0.0,0.0,0.0,0.0,0.0,0.0,0.0,0.0
2022-01-09 00:00:00+00:00,0.0,0.0,0.0,0.0,0.0,0.0,0.0,0.0,0.0,0.0,0.0,0.0
2022-01-10 00:00:00+00:00,0.0,0.0,0.0,0.0,0.0,0.0,0.0,0.0,0.0,0.0,0.0,0.0
2022-01-11 00:00:00+00:00,0.0,0.0,0.0,0.0,0.0,0.0,0.0,0.0,0.0,0.0,0.0,0.0
2022-01-12 00:00:00+00:00,0.0,0.0,0.0,0.0,0.0,0.0,0.0,0.0,0.0,0.0,0.0,0.0
2022-01-13 00:00:00+00:00,0.0,0.0,0.0,0.0,0.0,0.0,0.0,0.0,0.0,0.0,0.0,0.0
2022-01-14 00:00:00+00:00,0.0,0.0,0.0,0.0,0.0,0.0,0.0,0.0,0.0,0.0,0.0,0.0
2022-01-15 00:00:00+00:00,0.0,0.0,0.0,0.0,0.0,0.0,0.0,0.0,0.0,0.0,0.0,0.0
2022-01-16 00:00:00+00:00,0.0,0.0,0.0,0.0,0.0,0.0,0.0,0.0,0.0,0.0,0.0,0.0
2022-01-17 00:00:00+00:00,0.0,0.0,0.0,0.0,0.0,0.0,0.0,0.0,0.0,0.0,0.0,0.0
2022-01-18 00:00:00+00:00,0.0,0.0,0.0,0.0,0.0,0.0,0.0,0.0,0.0,0.0,0.0,0.0
2022-01-19 00:00:00+00:00,0.0,0.0,0.0,0.0,0.0,0.0,0.0,0.0,0.0,0.0,0.0,0.0
2022-01-20 00:00:00+00:00,0.0,0.0,0.0,0.0,0.0,0.0,0.0,0.0,0.0,0.0,0.0,0.0
2022-01-21 00:00:00+00:00,0.0,0.0,0.0,0.0,0.0,0.0,0.0,0.0,0.0,0.0,0.0,0.0
2022-01-22 00:00:00+00:00,0.0,0.0,0.0,0.0,0.0,0.0,0.0,0.0,0.0,0.0,0.0,0.0
2022-01-23 00:00:00+00:00,0.0,0.0,0.0,0.0,0.0,0.0,0.0,0.0,0.0,0.0,0.0,0.0
2022-01-24 00:00:00+00:00,0.0,0.0,0.0,0.0,0.0,0.0,0.0,0.0,0.0,0.0,0.0,0.0
2022-01-25 00:00:00+00:00,0.0,0.0,0.0,0.0,0.0,0.0,0.0,0.0,0.0,0.0,0.0,0.0
2022-01-26 00:00:00+00:00,0.0,0.0,0.0,0.0,0.0,0.0,0.0,0.0,0.0,0.0,0.0,0.0
2022-01-27 00:00:00+00:00,0.0,0.0,0.0,0.0,0.0,0.0,0.0,0.0,0.0,0.0,0.0,0.0
2022-01-28 00:00:00+00:00,0.0,0.0,0.0,0.0,0.0,0.0,0.0,0.0,0.0,0.0,0.0,0.0
2022-01-29 00:00:00+00:00,0.0,0.0,0.0,0.0,0.0,0.0,0.0,0.0,0.0,0.0,0.0,0.0
2022-01-30 00:00:00+00:00,0.0,0.0,0.0,0.0,0.0,0.0,0.0,0.0,0.0,0.0,0.0,0.0
2022-01-31 00:00:00+00:00,0.0,0.0,0.0,0.0,0.0,0.0,0.0,0.0,0.0,0.0,0.0,0.0
2022-02-01 00:00:00+00:00,0.0,0.0,0.0,0.0,0.0,0.0,0.0,0.0,0.0,0.0,0.0,0.0
2022-02-02 00:00:00+00:00,0.0,0.0,0.0,0.0,0.0,0.0,0.0,0.0,0.0,0.0,0.0,0.0
2022-02-03 00:00:00+00:00,0.0,0.0,0.0,0.0,0.0,0.0,0.0,0.0,0.0,0.0,0.0,0.0
2022-02-04 00:00:00+00:00,0.0,0.0,0.0,0.0,0.0,0.0,0.0,0.0,0.0,0.0,0.0,0.0
2022-02-05 00:00:00+00:00,0.0,0.0,0.0,0.0,0.0,0.0,0.0,0.0,0.0,0.0,0.0,0.0
2022-02-06 00:00:00+00:00,0.0,0.0,0.0,0.0,0.0,0.0,0.0,0.0,0.0,0.0,0.0,0.0
2022-02-07 00:00:00+00:00,0.0,0.0,0.0,0.0,0.0,0.0,0.0,0.0,0.0,0.0,0.0,0.0
2022-02-08 00:00:00+00:00,0.0,0.0,0.0,0.0,0.0,0.0,0.0,0.0,0.0,0.0,0.0,0.0
2022-02-09 00:00:00+00:00,0.0,0.0,0.0,0.0,0.0,0.0,0.0,0.0,0.0,0.0,0.0,0.0
2022-02-10 00:00:00+00:00,0.0,0.0,0.0,0.0,0.0,0.0,0.0,0.0,0.0,0.0,0.0,0.0
2022-02-11 00:00:00+00:00,0.0,0.0,0.0,0.0,0.0,0.0,0.0,0.0,0.0,0.0,0.0,0.0
2022-02-12 00:00:00+00:00,0.0,0.0,0.0,0.0,0.0,0.0,0.0,0.0,0.0,0.0,0.0,0.0
2022-02-13 00:00:00+00:00,0.0,0.0,0.0,0.0,0.0,0.0,0.0,0.0,0.0,0.0,0.0,0.0
2022-02-14 00:00:00+00:00,0.0,0.0,0.0,0.0,0.0,0.0,0.0,0.0,0.0,0.0,0.0,0.0
2022-02-15 00:00:00+00:00,0.0,0.0,0.0,0.0,0.0,0.0,0.0,0.0,0.0,0.0,0.0,0.0
2022-02-16 00:00:00+00:00,0.0,0.0,0.0,0.0,0.0,0.0,0.0,0.0,0.0,0.0,0.0,0.0
2022-02-17 00:00:00+00:00,0.0,0.0,0.0,0.0,0.0,0.0,0.0,0.0,0.0,0.0,0.0,0.0
2022-02-18 00:00:00+00:00,0.0,0.0,0.0,0.0,0.0,0.0,0.0,0.0,0.0,0.0,0.0,0.0
2022-02-19 00:00:00+00:00,0.0,0.0,0.0,0.0,0.0,0.0,0.0,0.0,0.0,0.0,0.0,0.0
2022-02-20 00:00:00+00:00,0.0,0.0,0.0,0.0,0.0,0.0,0.0,0.0,0.0,0.0,0.0,0.0
2022-02-21 00:00:00+00:00,0.0,0.0,0.0,0.0,0.0,0.0,0.0,0.0,0.0,0.0,0.0,0.0
2022-02-22 00:00:00+00:00,0.0,0.0,0.0,0.0,0.0,0.0,0.0,0.0,0.0,0.0,0.0,0.0
2022-02-23 00:00:00+00:00,0.0,0.0,0.0,0.0,0.0,0.0,0.0,0.0,0.0,0.0,0.0,0.0
2022-02-24 00:00:00+00:00,0.0,0.0,0.0,0.0,0.0,0.0,0.0,0.0,0.0,0.0,0.0,0.0
2022-02-25 00:00:00+00:00,0.0,0.0,0.0,0.0,0.0,0.0,0.0,0.0,0.0,0.0,0.0,0.0
2022-02-26 00:00:00+00:00,0.0,0.0,0.0,0.0,0.0,0.0,0.0,0.0,0.0,0.0,0.0,0.0
2022-02-27 00:00:00+00:00,0.0,0.0,0.0,0.0,0.0,0.0,0.0,0.0,0.0,0.0,0.0,0.0
2022-02-28 00:00:00+00:00,0.0,0.0,0.0,0.0,0.0,0.0,0.0,0.0,0.0,0.0,0.0,0.0
2022-03-01 00:00:00+00:00,0.0,0.0,0.0,0.0,0.0,0.0,0.0,0.0,0.0,0.0,0.0,0.0
2022-03-02 00:00:00+00:00,0.08830711944254337,0.11114547137852515,0.09852652943535657,0.07551344428090188,0.11312194450417609,0.07543080495325591,0.08271979166089506,0.06984743960242575,0.06749424537352419,0.04764440568104266,0.0985032156116369,0.07174558807571638
2022-03-03 00:00:00+00:00,0.08910773093150422,0.11041733770577476,0.09856399613097185,0.07497139069615386,0.11252334174660927,0.0747663326274293,0.08169146329379672,0.06899409947079488,0.06688274679099715,0.050552366134932004,0.09872620212827565,0.07280299234276048
2022-03-04 00:00:00+00:00,0.08913763213640384,0.11049833099620028,0.09857450125629783,0.07508216365053796,0.11223656092188085,0.07453255841671166,0.0813573671052295,0.06945009932099094,0.06674221470228302,0.0509328362642536,0.09874909495062667,0.07270664027858385
2022-03-05 00:00:00+00:00,0.08837380953828035,0.11181642615951799,0.09773779779935637,0.07351043703217724,0.10862803595194223,0.07361226684492275,0.08172341800283665,0.06855365354975163,0.06547534858650897,0.05911583458617686,0.09831633195392159,0.0731366399946073
2022-03-06 00:00:00+00:00,0.08839177257337494,0.11217361729584928,0.09758633204676975,0.07416393745019445,0.10791493466697549,0.07361304133774117,0.08170117143460993,0.06823739598462693,0.06540647097009993,0.05912682415380218,0.09856886695560468,0.07311563513035131
2022-03-07 00:00:00+00:00,0.08809447168946578,0.11988846658396432,0.09825532446483433,0.07148621673658667,0.10636186259557717,0.07043705475382445,0.0801339643572427,0.06774947795423635,0.06223121192209481,0.05651441931820598,0.10857237310297065,0.0702751565209969
2022-03-08 00:00:00+00:00,0.08893840194059753,0.11982319263753154,0.09812319006870182,0.0713154967939451,0.1044123873842179,0.0723341742435017,0.08071285692995747,0.06689658455945445,0.062432682988359973,0.056491328299068715,0.10855367528435383,0.06996602887030985
2022-03-09 00:00:00+00:00,0.09762604586854821,0.11654568429618438,0.09993503423119339,0.06921445832287311,0.10162226589008493,0.0732299810011478,0.08520837620140238,0.06507253211535365,0.060450645331280355,0.05565686565643215,0.10775687913149934,0.06768123195400037
2022-03-10 00:00:00+00:00,0.09929170871270387,0.11703968498384734,0.10226480471619878,0.06880720458263898,0.09875218853374083,0.07317053971254081,0.08534351494153465,0.06360174005475952,0.05994363137277313,0.057213665446417865,0.10804753356823334,0.06652378337461091
2022-03-11 00:00:00+00:00,0.09917789314402567,0.1166871227917768,0.10256497816232035,0.06864522852069345,0.09786820084822669,0.07273464417992631,0.08907165878989957,0.0627650418160931,0.05974240595908083,0.057341673187918385,0.10560381314980954,0.06779733945022938
2022-03-12 00:00:00+00:00,0.09989965680446063,0.11570498189778006,0.10306962323474109,0.06802072394073802,0.09783160270111203,0.07320906715734894,0.09008348034316253,0.06204017475252098,0.05897992486335912,0.057227028670939775,0.10693473985828476,0.06699899577555217
2022-03-13 00:00:00+00:00,0.09864436294263113,0.11385410840349175,0.10788739740443584,0.06750915703711312,0.09788852652775133,0.0738707806058167,0.08912762991100773,0.06060232702374754,0.05813077524257047,0.059643521393796035,0.10696107725127643,0.06588033625636185
2022-03-14 00:00:00+00:00,0.0990914200029461,0.11260982014305519,0.1081890824628683,0.06717768725619856,0.09863737530204968,0.07588338854869417,0.08825183544384982,0.059669510658543035,0.05737039629095092,0.06231001461902576,0.10576883043956642,0.06504063883225204
2022-03-15 00:00:00+00:00,0.09912524407410703,0.11259488979406256,0.10791579118339026,0.06705512219523145,0.10148866066006344,0.07606491462489269,0.08808497515526109,0.05771041736058981,0.058145484809455285,0.062443398716686686,0.10574996432950179,0.06362113709675792
2022-03-16 00:00:00+00:00,0.09871984028154461,0.11271245654265906,0.10834144681834072,0.06745667712747835,0.10175250366855931,0.07649042037830547,0.08787172927425545,0.0575100485980771,0.058087020416901725,0.06224411181468947,0.10548119749070944,0.06333254758847934
2022-03-17 00:00:00+00:00,0.0970234894312613,0.11347134198999419,0.10860376488465497,0.06796708021753284,0.10180527304318984,0.07664510950081428,0.08717556215811646,0.05710746032103235,0.05745515288219848,0.06274771458226858,0.10623358730743135,0.06376446368150557
2022-03-18 00:00:00+00:00,0.09673630364256419,0.11314745412628999,0.10810216131031472,0.06773181277545127,0.10312403531211868,0.07641612010918518,0.08623175835666731,0.057209491686563446,0.05729903390706609,0.06441838694781475,0.10605703282353808,0.06352640900242607
2022-03-19 00:00:00+00:00,0.0958304728846139,0.11178935828501213,0.10832024104550514,0.06690456394354949,0.10443462968376861,0.08186194167445635,0.08328446326604098,0.05669240588713131,0.056615336626367654,0.06603482329143567,0.10466444776977908,0.06356731564233968
2022-03-20 00:00:00+00:00,0.09581874029022863,0.11068042843628649,0.10814438298939785,0.06702647042706719,0.10462375013956031,0.08484491722865713,0.07993093966757626,0.05662063014886757,0.05675696180690884,0.06598595469754993,0.10591646568609488,0.06365035848180495
2022-03-21 00:00:00+00:00,0.09855280960086374,0.11087015952934655,0.10598417040013057,0.0676390517319521,0.10373494608267092,0.08689874601002803,0.07853822286024499,0.05606448623634268,0.05683481225005912,0.06598294928698671,0.1060923497465936,0.06280729626478088
2022-03-22 00:00:00+00:00,0.09809470373314637,0.10830666845848562,0.10674556248037594,0.06867171277400608,0.10405455535698244,0.08702034384595736,0.07804168235926397,0.056265210341058206,0.057170691140864434,0.0656074040189859,0.10741908178257585,0.06260238370829768
2022-03-23 00:00:00+00:00,0.09315137954325084,0.10971039299005635,0.10780752825554131,0.08081086841774392,0.09966274091959529,0.07951827701652504,0.08058332432993383,0.06102353314020835,0.061421325085638544,0.06136642961937347,0.10494938492488541,0.059994815757247785
2022-03-24 00:00:00+00:00,0.09407289909216104,0.11077962264189524,0.10822574669935832,0.08302647198735616,0.09948909677512738,0.06617485086682028,0.08153467049906715,0.06622223616149023,0.06469393608895008,0.06038251533311973,0.1050860031315662,0.060311950723088155
2022-03-25 00:00:00+00:00,0.08984996819099152,0.11183148468949404,0.1099172636766854,0.08369275472045053,0.10146825284493159,0.06677278132632924,0.08208787266533382,0.06257144298424833,0.0654418299020687,0.061376435845444166,0.10431582279569976,0.06067409035832298
2022-03-26 00:00:00+00:00,0.08940584549887524,0.11177829009461236,0.11009260310733686,0.08441326569896428,0.10128919500699114,0.06502193143081497,0.08194474167776482,0.06340771349277523,0.067392213503726,0.06029402155171328,0.10404544694655012,0.060914731989875605
2022-03-27 00:00:00+00:00,0.0887813998305821,0.11153173235669893,0.11027979270952722,0.08478421217007603,0.10201637673722215,0.06462591293736318,0.08200057013546877,0.06270612650855012,0.06792596761767936,0.060174654107334705,0.10422997180308827,0.060943283086409145
2022-03-28 00:00:00+00:00,0.08971661951382776,0.11120755169245547,0.11014479101761683,0.08258097704198221,0.10192595100112616,0.06555584289862211,0.081782413067124,0.06328392412084656,0.06847010330985837,0.060827709614268144,0.10362509840386755,0.06087901831840492
2022-03-29 00:00:00+00:00,0.08972616567013575,0.11133416034802393,0.11064873922624553,0.08239768935275604,0.10134840086264885,0.06553582752288357,0.08196606441774737,0.06330583652870896,0.06839233005281402,0.06110232797797607,0.10345160733062456,0.060790850709435226
2022-03-30 00:00:00+00:00,0.08804350791167198,0.11176455533454717,0.11098453456824262,0.08243279489006229,0.1015662591917543,0.06579516609236453,0.08132873045685472,0.06340550980947275,0.06875699486797805,0.06136995824887204,0.10339306223790301,0.06115892639027662
2022-03-31 00:00:00+00:00,0.08457188341643175,0.11210817915978226,0.11097053582900844,0.08282507835859931,0.10201181707981939,0.06611834299596983,0.08192495926604629,0.06364832207096471,0.06902445086675106,0.061672353957972846,0.10372414177350134,0.06139993522515262
2022-04-01 00:00:00+00:00,0.08489911393938016,0.11035264104666193,0.1110748376224616,0.0823215247486305,0.10190769245375801,0.065855536193544,0.08306055958877424,0.06397707631064105,0.06980880610805795,0.062140858278801656,0.10189193553639864,0.06270941817289022
2022-04-02 00:00:00+00:00,0.08548065185298416,0.11072983261570833,0.10890042393116259,0.0820962477384749,0.10225606987408019,0.06608711139048404,0.08334022889369493,0.06355771537227295,0.06961723296129856,0.06281117042007008,0.10216900669952825,0.0629543082502408
2022-04-03 00:00:00+00:00,0.08754984341931425,0.11040307446002175,0.10829657002074089,0.08155677793137887,0.10151195006360256,0.06624502469920518,0.08344555475339387,0.06347372643818673,0.06934344295378901,0.06270844519339568,0.10266092137634734,0.06280466869062369
2022-04-04 00:00:00+00:00,0.08306250952460269,0.10967015939998896,0.10777888878000695,0.08111131679380551,0.09911146508235373,0.06611410646454792,0.08498331798761724,0.06323339839705437,0.06970571472433099,0.06682699232305372,0.10419491926104761,0.06420721126159028
2022-04-05 00:00:00+00:00,0.08300113689095101,0.10978639707977655,0.10771616195554148,0.080989859362311,0.09893221792566337,0.06631028606920626,0.08485657636127324,0.06302000183212218,0.06956330360154517,0.06697126381918325,0.10424441214128925,0.06460838296113725
2022-04-06 00:00:00+00:00,0.08369841874001062,0.11132091973596189,0.10844378602698998,0.08067682718768632,0.08325864733046878,0.06667924295238437,0.08690750423378356,0.06399376537107165,0.06966811456316904,0.07196520165262539,0.10713219548433828,0.06625537672151018
2022-04-07 00:00:00+00:00,0.0860181285887547,0.1144434065142552,0.10839892525354278,0.08029142887048178,0.07292307906851461,0.06542951202366079,0.08634710765560939,0.06399114684486674,0.07134979849563579,0.07415105851181558,0.11008988387527432,0.06656652429758833
2022-04-08 00:00:00+00:00,0.0858522952376924,0.1143618608765444,0.10632236641542324,0.08008196363911739,0.0725756716715506,0.06516617023136484,0.0859799229223527,0.06691971942912973,0.07113582291755847,0.07390443524508412,0.11143348681465765,0.06626628459952438
2022-04-09 00:00:00+00:00,0.08612744378199423,0.11555912408403285,0.10527942701524695,0.07975088878292759,0.07371190171021277,0.06467361871399424,0.08556442061879477,0.06678423886434723,0.07163322932120415,0.07376173054100249,0.11120659779586099,0.06594737877038198
2022-04-10 00:00:00+00:00,0.0855944433808719,0.11534023504505997,0.10470514104392074,0.07926796418883199,0.07426512919386417,0.06443621044448604,0.08506822651433617,0.06749205184895889,0.0730510930606697,0.07402489145994878,0.11076698196956519,0.06598763184948658
2022-04-11 00:00:00+00:00,0.08561389875587505,0.11532738996927148,0.10454854669326612,0.07918842598685577,0.07401982644638605,0.06461610790731441,0.0851911781528507,0.06743913335423564,0.0729442212809721,0.07418367626830524,0.11095121789151335,0.06597637729315414
2022-04-12 00:00:00+00:00,0.08749815121225696,0.1151523737110164,0.10554501286282214,0.08029181621464827,0.07201892705651007,0.06531984267371867,0.08122995412011615,0.06817447961901467,0.07251810342880563,0.07559883469442306,0.10950755574167902,0.06714494866498905
2022-04-13 00:00:00+00:00,0.09095201001916291,0.11571799075530621,0.10386799328021967,0.08085696681889731,0.07067060312854341,0.06412587788416035,0.08115266817287284,0.06661976888557852,0.0709927125552963,0.07838779755869954,0.10788686730686356,0.0687687436343995
2022-04-14 00:00:00+00:00,0.09078526373635196,0.12084973257045346,0.10358600561532555,0.08072105125493433,0.07053381757700732,0.06394345948943127,0.07846144357521043,0.06646888255484504,0.07086966031582703,0.07825027700743452,0.1067092958527429,0.06882111045043612
2022-04-15 00:00:00+00:00,0.09222135072908709,0.12072028457414412,0.10329208546631,0.08041256328706839,0.07100041190894968,0.06375422782063184,0.07748244695914507,0.0660525922440429,0.07036012107898093,0.0795680590464675,0.10643284491542099,0.0687030119697515
2022-04-16 00:00:00+00:00,0.09452759718791723,0.1202855960930508,0.10292537467872857,0.08008584342309646,0.07077733216293412,0.06358037948607782,0.0772064598818502,0.06580598504638299,0.07017670155782914,0.07958774324579328,0.10625715442715404,0.06878383280918526
2022-04-17 00:00:00+00:00,0.09989801329162327,0.12072220618475787,0.10069173886176803,0.08059042101711478,0.06890012282203917,0.06256964189139505,0.07637544631548446,0.06421191367698699,0.07194048036459354,0.08175418319950635,0.10348271253133715,0.06886311984339338
2022-04-18 00:00:00+00:00,0.10081334436052657,0.12130581766894702,0.10087558951098742,0.08071113825035066,0.06873200449049494,0.06266875478542012,0.07649206667674521,0.06398565905891207,0.07194223704658513,0.08190166490175618,0.10155348867105357,0.06901823457822123
2022-04-19 00:00:00+00:00,0.10167471257806537,0.13308959440124019,0.09970401345344002,0.07735509787781546,0.06847917293961465,0.06222710832152058,0.07745538944944046,0.06345348030302579,0.07000597445951709,0.08143256937223206,0.09885367142063245,0.06626921542345587
2022-04-20 00:00:00+00:00,0.10224236263706213,0.13357511968378397,0.09961712109631499,0.07700687444259564,0.06833945199346685,0.062237136920886324,0.07733161604546203,0.06326843192101869,0.07002133229936783,0.08149116909756687,0.09868206816533369,0.06618731569714086
2022-04-21 00:00:00+00:00,0.10139445948032438,0.13744580277543136,0.09903920328589681,0.07683918063931834,0.06809737474247538,0.061822131245712605,0.07727503894784644,0.06283625395924658,0.07021163758438695,0.08070347924905598,0.09805872603337945,0.06627671205692579
2022-04-22 00:00:00+00:00,0.09753771409066748,0.13891946914892925,0.10096552956657175,0.08016664107288969,0.06602461766067949,0.06329735915445511,0.0753443773723116,0.06109623615741044,0.07318847366946567,0.08153637052101133,0.09335210812472158,0.06857110346088661
2022-04-23 00:00:00+00:00,0.08637485297622775,0.15329546478358655,0.1003584182334303,0.07450356328115655,0.059342810178071276,0.06037597789989293,0.06665127057980923,0.05404817669649455,0.0731906744349136,0.10585007367108924,0.09828562367276962,0.06772309359255838
2022-04-24 00:00:00+00:00,0.0846837159361398,0.1512152344422175,0.10864052143277646,0.07213467166828803,0.05699091131382739,0.05873093391449876,0.06396915693534949,0.052357692962017414,0.07181984049169968,0.10768411786673478,0.10594207393359094,0.0658311291028598
2022-04-25 00:00:00+00:00,0.0846989757126228,0.15076420035799304,0.10874576962393888,0.07482577452997527,0.05702145509218528,0.058688192447055636,0.06452305724303321,0.05251195581849673,0.07170873706136155,0.10521126548955623,0.10563571969874133,0.06566489692503989
2022-04-26 00:00:00+00:00,0.08456097869793863,0.15373276710848616,0.10753279045328215,0.07423852477624474,0.05591006047124868,0.057884642480204966,0.06592063235130063,0.05214893864035435,0.07099202166888934,0.10725979164612907,0.1048710667153065,0.0649477849906147
2022-04-27 00:00:00+00:00,0.0876127815782933,0.14306063021472787,0.1097097851743507,0.06681179984766585,0.054079201141275485,0.05896132714710981,0.0669576262505446,0.05248385048273342,0.07128316261716114,0.11555782378429193,0.10764625393266089,0.06583575782918487
2022-04-28 00:00:00+00:00,0.08706637149377015,0.14243568629113446,0.10987025646229469,0.06754859855441224,0.05409426717578921,0.059000169524525393,0.06698236116415056,0.05266736979702134,0.07160229638356932,0.1155381131711233,0.10738690188759477,0.0658076080946147
2022-04-29 00:00:00+00:00,0.08687729707994536,0.14198050945359955,0.11026440635147977,0.06765455660702945,0.05426295351921907,0.05899665378910785,0.06647442913231988,0.052676620397456096,0.07186096994716651,0.11484473186498084,0.10640635590268595,0.0677005159550097
2022-04-30 00:00:00+00:00,0.08606059691509732,0.13816209570955876,0.1226535192563883,0.06662298365723715,0.05519060953061041,0.06116301456613513,0.06574181027201417,0.05394561272205222,0.07635260157866344,0.09965356197976324,0.1052450052866039,0.06920858852587594
2022-05-01 00:00:00+00:00,0.08971877150340525,0.1406840030340727,0.1232499970614813,0.05774240550494206,0.05659152216737125,0.06224171495370296,0.0650783218521974,0.05394328686203192,0.07596005277893379,0.09701467812598137,0.10893778147691617,0.06883746467896369
2022-05-02 00:00:00+00:00,0.0891237579138553,0.14003195278438813,0.12293967058173284,0.05679282044909452,0.05735357776569996,0.06265838790395764,0.06653722903979588,0.05464738160704216,0.07642305018469313,0.09443647201588369,0.10937344401374402,0.06968225574011278
2022-05-03 00:00:00+00:00,0.08907152541741951,0.13944411156169895,0.12286325673915584,0.05680397806140415,0.057455649454655665,0.06283731879321224,0.06703926373401288,0.054523929438248665,0.07674096517354287,0.09431035402590043,0.10905835417283968,0.06985129342790922
2022-05-04 00:00:00+00:00,0.08838285919330198,0.13820261727340064,0.1216331719047563,0.057407574392541356,0.058550392563819297,0.06293689663409685,0.06647408692929124,0.054373007231322476,0.07877687444650534,0.09336667664470495,0.10796331813049902,0.07193252465576054
2022-05-05 00:00:00+00:00,0.08785244291080306,0.137355650141357,0.12416687716415868,0.05753703130547756,0.06026137409094133,0.0636488180203069,0.06484875852052828,0.05557116866067641,0.07919604503850992,0.09173836207095624,0.10622267782374084,0.07160079425254366
2022-05-06 00:00:00+00:00,0.08784594965010756,0.14119059256074762,0.12664149684790882,0.05685078280008954,0.06327221779461119,0.06509035128581495,0.06249593403581069,0.0576497356186095,0.0794819936959977,0.08923177413492674,0.1001567425446114,0.07009242903076414
2022-05-07 00:00:00+00:00,0.08757340730886458,0.14059836372286275,0.12645838625649772,0.05686185202551168,0.06420799545626635,0.06503325163537917,0.062153546698609154,0.05853626945872532,0.07926922378054581,0.08891413101429911,0.09987059618609814,0.07052297645634006
2022-05-08 00:00:00+00:00,0.08808125937315257,0.14034208952849744,0.12398167190388765,0.057186637726750436,0.06455893624959462,0.06532362715173723,0.06241106375363532,0.058918390306934174,0.07977531865263038,0.0890464907428383,0.09998468714340894,0.07038982746693295
2022-05-09 00:00:00+00:00,0.08742489179400585,0.13911671958726268,0.12336032213125189,0.05714084469967537,0.0650845087948594,0.06538888249220734,0.06209289657260786,0.06031817221642215,0.08020700508005175,0.08845049660921919,0.09931694292283529,0.07209831709960117
2022-05-10 00:00:00+00:00,0.09777479141816263,0.10060805213863162,0.10903968211932591,0.06373329042689359,0.054162779994750575,0.07167199915317829,0.06908832275026934,0.0695003870312237,0.08915704292816282,0.09936306998686968,0.09774538863394366,0.07815519341858818
2022-05-11 00:00:00+00:00,0.0981589471327167,0.09467391546387376,0.10798090787496042,0.0645486071077967,0.05302960520859909,0.07263520306619586,0.06983075885879159,0.07081795339419342,0.089701137988101,0.10105433980348373,0.09845131325065032,0.07911731085063754
2022-05-12 00:00:00+00:00,0.09833312325550479,0.09561433942820405,0.10440622066345878,0.06653552952858147,0.053932004928471944,0.07469499742830223,0.069164968621991,0.07384711772268446,0.08795716086076892,0.09756227274842397,0.09748114537801138,0.08047111943559705
2022-05-13 00:00:00+00:00,0.09807317468656203,0.0953711391512061,0.1046078269629127,0.06670477051451175,0.05393140293065762,0.07443794964620828,0.0691910836140619,0.07426200488259832,0.088029281274481,0.09751464963833116,0.09739622547715622,0.08048049122131296
2022-05-14 00:00:00+00:00,0.09683212252039483,0.09403650546906896,0.10308268043191288,0.06544682053843325,0.053653476189169755,0.07352236434745796,0.06904567023639349,0.07842492149746551,0.0875344503511052,0.09687433314853912,0.09645573714599338,0.08509091812406584
2022-05-15 00:00:00+00:00,0.09690110216707008,0.09403086452271361,0.10290999707858893,0.06522883590387132,0.05367027612097932,0.07349084084511849,0.06903635116441292,0.07835979952777121,0.0874982758155881,0.0964451154761521,0.09639681691223383,0.08603172446549996
2022-05-16 00:00:00+00:00,0.09629563920161299,0.09334138645239007,0.10215985713058846,0.06489231134912588,0.053545310015839405,0.07278465899257167,0.06975558848575143,0.07999435652077382,0.0904492215933624,0.09604900268856473,0.09574347232242804,0.08498919524699121
2022-05-17 00:00:00+00:00,0.09631516087034778,0.09340048038973213,0.10178820310874259,0.06456996751362233,0.05354095217833003,0.07272173519047546,0.0697625400925526,0.07900925826058118,0.09014565347887554,0.09808600677296063,0.09551888829860496,0.08514115384517484
2022-05-18 00:00:00+00:00,0.09723131707524611,0.09328756668664945,0.10154735785723348,0.0645991013371021,0.05357937315495733,0.07258108539860395,0.0705617460975582,0.0788094138942314,0.08982879767943791,0.09805158650786973,0.09487503423068641,0.08504762008042382
2022-05-19 00:00:00+00:00,0.0972834390541977,0.0937183109412066,0.10095010993892979,0.06418069635918623,0.05370586079728531,0.0723302667361755,0.07204412720445194,0.07923581192882494,0.08914031145810646,0.09850262344768593,0.09440107686567115,0.08450736526827848
2022-05-20 00:00:00+00:00,0.09649704511427366,0.09348963158738316,0.10046324470396481,0.0639956697079751,0.05350048180789079,0.07208235609505408,0.0753707264611068,0.0791858277665278,0.08944685568940722,0.09786380701711576,0.09294426399312883,0.08516009005617192
2022-05-21 00:00:00+00:00,0.09673945332778276,0.0939434502981685,0.10024519176474482,0.06387117015379942,0.0533862907110958,0.0721666355994492,0.07522285018181982,0.07903118323284035,0.08949311508848279,0.09841096419813537,0.09256400773690499,0.08492568770677603
2022-05-22 00:00:00+00:00,0.09632498241316874,0.09370809220823072,0.09961721738924237,0.06384389341721959,0.053304603486939675,0.07370317958730412,0.07518034761510003,0.07885040666943795,0.08960121326664493,0.0973821254304781,0.09383407471795005,0.08464986379828367
2022-05-23 00:00:00+00:00,0.09540678751004346,0.09234082962203387,0.09805142366609966,0.06304628775446691,0.052626862047536686,0.08621985787741172,0.07397313962617204,0.07814057642808162,0.08834969640846842,0.09611138224205658,0.09239749882325357,0.08333565799437549
2022-05-24 00:00:00+00:00,0.09763262294911684,0.09153759370650652,0.09728299080347662,0.061860787996271795,0.05217861175288258,0.08589471074837833,0.07327131290458938,0.08530042910989298,0.08606122388904097,0.09551170398591703,0.09199299486745041,0.08147501728647666
2022-05-25 00:00:00+00:00,0.0980971328886763,0.0909528489095695,0.09580709544104953,0.06110565539146008,0.05163260642055127,0.0881000503764798,0.07292953643167374,0.08443547554546614,0.08476950796738879,0.1002670006689453,0.09123357326043877,0.0806695166983008
2022-05-26 00:00:00+00:00,0.09785741703664083,0.09045376253088576,0.09536713107104688,0.060798872197205395,0.051362244439989165,0.0888370889694434,0.07258468522114885,0.08614625068714844,0.08431886486514047,0.10138517377389157,0.09068659340188588,0.08020191580557338
2022-05-27 00:00:00+00:00,0.09769517683261673,0.09074091966230378,0.09358257720288961,0.061493114837362785,0.05141827840335286,0.08841381161757675,0.0728112799096096,0.08611633423771917,0.08416102336419305,0.10118465502385836,0.09086049359758065,0.08152233531093665
2022-05-28 00:00:00+00:00,0.09932009239223384,0.09184673033948963,0.09472573406857476,0.06142513048348423,0.052073255366684695,0.08780037856425428,0.0737421762115204,0.08510719042742725,0.08462954486180885,0.09563421988779607,0.09222657713337182,0.08146897026335406
2022-05-29 00:00:00+00:00,0.10083262796070702,0.09255234251822597,0.09525510425360127,0.06181598641703045,0.052453664428009826,0.08817720465654774,0.0742830733377853,0.08601450209511774,0.08481148638736072,0.09017083331848552,0.09287802888832625,0.0807551457388021
2022-05-30 00:00:00+00:00,0.1050058935470196,0.09236448167564333,0.09539671773555347,0.061658113448237725,0.0523995260271776,0.08594632133992895,0.07419360029351188,0.08596325002202523,0.08434153727295995,0.09020589933243088,0.09278853476454853,0.07973612454096299
2022-05-31 00:00:00+00:00,0.10636442015199675,0.09185758369092614,0.09638281402750103,0.06304713862149079,0.05285947006583209,0.0842593437027392,0.07541065395403557,0.08693066674676059,0.0851321101912105,0.08196308899639024,0.096528129342563,0.0792645805085541
2022-06-01 00:00:00+00:00,0.10553980908131474,0.09184565800592394,0.09765287194044206,0.06323137394443344,0.052771268609492314,0.08440098720994521,0.07493279924353105,0.08642383766107871,0.0853939859497419,0.08191108426222177,0.09645365709175172,0.07944266700012323
2022-06-02 00:00:00+00:00,0.10597799136393057,0.09215490503913353,0.09766969312623947,0.06349830323406892,0.052618102797035354,0.08406526517647271,0.07522148371398481,0.08496081400855517,0.08590734150350478,0.0822186403314768,0.09610729125638576,0.0796001684492122
2022-06-03 00:00:00+00:00,0.11339121922623706,0.0916901351254298,0.09782515458813001,0.06320762700460898,0.05276386964712253,0.08350408970939185,0.07429536161130983,0.08485751363046576,0.08539121291277187,0.07821597286950156,0.09534330455967002,0.07951453911536063
2022-06-04 00:00:00+00:00,0.10977991001208644,0.09246456427609223,0.09889515741314663,0.0637354411956859,0.053258978126138785,0.08455031788297686,0.073522819271956,0.08629895219712447,0.08626644316767046,0.07515579452669002,0.09615710414435337,0.07991451778607891
2022-06-05 00:00:00+00:00,0.10893838244353753,0.09223757495487163,0.09854834969555594,0.06408805367400634,0.05628430825169298,0.0850341177343279,0.072568311360636,0.08615965256720076,0.08663432647968494,0.07510528132983209,0.0958029768701317,0.07859866463852218
2022-06-06 00:00:00+00:00,0.10526004100418368,0.08975786590957385,0.09824238318073826,0.06381763253492938,0.058946409958137345,0.08801253874754424,0.07289569935848883,0.09238933484185291,0.08526049785050319,0.07326911819923339,0.09344791641137833,0.07870056200343659
2022-06-07 00:00:00+00:00,0.10644834931229866,0.08973013299576216,0.09968545250820449,0.06355353741087127,0.05965349301049457,0.0883637155741994,0.07329516074910691,0.09262024470541047,0.08210602097212473,0.0707895227806684,0.09415711005678222,0.07959725992407665
2022-06-08 00:00:00+00:00,0.104492292487205,0.08843932632093889,0.10041940963599523,0.06381010067893438,0.05982468480969835,0.09001761819600818,0.07340932884531859,0.09290558434318988,0.08154120085654767,0.07090957564548302,0.09419601090423695,0.08003486727644377
2022-06-09 00:00:00+00:00,0.1046104336329434,0.08844396425332167,0.10061610005818178,0.06378173761663482,0.05987356277239668,0.09008056000680478,0.07352764548170665,0.09294341568375994,0.0816372156540322,0.07086978029588833,0.09351399388769964,0.08010159065663007
2022-06-10 00:00:00+00:00,0.1046061034596518,0.08852686301459442,0.10102088947778357,0.06374827572149097,0.06004409309133233,0.09018308174340979,0.07365616246734166,0.09302620245642353,0.08078273474457014,0.07095254292503916,0.09352022816393912,0.07993282273442352
2022-06-11 00:00:00+00:00,0.10553066371083032,0.0898426004717313,0.10234096700931009,0.06367035897894448,0.061804094972077527,0.09062900586199475,0.07589417993905388,0.08557532324749084,0.08184832427040915,0.07026484042878076,0.09325855725335347,0.07934108385602352
2022-06-12 00:00:00+00:00,0.10701168219835382,0.08904639200179942,0.10385318438348345,0.06534441686782505,0.0633600130733888,0.09369502825838112,0.07614469621961928,0.08129173251330986,0.07956318885401167,0.07155806978410245,0.08732435227549858,0.08180724357022658
2022-06-13 00:00:00+00:00,0.10364377998066715,0.09021094799595843,0.10633238785362753,0.06733145640385245,0.06503549810174505,0.09515075284809092,0.07798611137745952,0.07742801275780727,0.07742348229889101,0.07091981707184568,0.08570162155584536,0.08283613175420965
2022-06-14 00:00:00+00:00,0.10532413960923948,0.08581580885304521,0.10364236808970703,0.06933739480569982,0.06567149684766026,0.09768357048482694,0.08018019550678998,0.07904417286875846,0.07141380189498621,0.07268923434311296,0.083805653576005,0.08539216312016865
2022-06-15 00:00:00+00:00,0.10097331915994721,0.08653261059868285,0.10562791121979184,0.07048958387233852,0.06687003518918978,0.09923562597276363,0.08148187553110481,0.07786546118499531,0.07276659103939444,0.07412447863997891,0.08302627264342814,0.08100623494838442
2022-06-16 00:00:00+00:00,0.10291500704000475,0.08613755836147971,0.1076565210081776,0.06986860241718104,0.06773218477899152,0.0944534334693159,0.081604294074644,0.07796041839182669,0.07343999657107508,0.07522832651797245,0.08241419017670182,0.08058946719262947
2022-06-17 00:00:00+00:00,0.10523143122134654,0.08706163660117763,0.10764468115028535,0.06814163200312982,0.0686454217435004,0.09108616022481128,0.08350244215172942,0.0782105467057545,0.0711849554773261,0.07606872547748217,0.08402107234638181,0.07920129489707499
2022-06-18 00:00:00+00:00,0.10445087352874852,0.08626047816229382,0.10748492659028136,0.06905524162758858,0.06812886340346577,0.09068156179609697,0.08303565065723732,0.07818554869894886,0.07256573610417212,0.07526132315365151,0.08393827166568714,0.08095152461182796
2022-06-19 00:00:00+00:00,0.10495012746446307,0.08666584583419294,0.10684899662357301,0.06968083557116471,0.06835167731851964,0.08996790701931164,0.0836975582210997,0.07898414870963646,0.07014749051769223,0.07545700905124372,0.08454761803995253,0.08070078562915035
2022-06-20 00:00:00+00:00,0.10675402998411883,0.0870724189719866,0.10682031720234676,0.07017163712011733,0.06827136042601695,0.09013264624566307,0.08479299909810067,0.07935000064170848,0.06904386331075445,0.07562036313844502,0.08218047168227652,0.07978989217846534
2022-06-21 00:00:00+00:00,0.10738676663254781,0.08741880669711302,0.1073885810901103,0.07019160377684266,0.06852787977739444,0.09035307771547896,0.0842693613940498,0.07905546951711802,0.06906779651884677,0.07455994109507254,0.08270441305616416,0.07907630272926149
2022-06-22 00:00:00+00:00,0.10758867266187186,0.08748426249412702,0.10750554256200441,0.0703676479905952,0.06801497396679805,0.09050579954773343,0.08432935380595691,0.07940140361454308,0.06915233872886381,0.07466363358350261,0.08273867266484553,0.078247698379158
2022-06-23 00:00:00+00:00,0.10629184242320687,0.08783307182932978,0.10786682926981771,0.07061802149083059,0.06805975878698399,0.09060208476989831,0.08395899730194602,0.07959070277911474,0.06888923486209461,0.07466489330367926,0.083072389716413,0.07855217346668522
2022-06-24 00:00:00+00:00,0.1024412517754699,0.0889336595734126,0.10844451252904663,0.07148087009062946,0.06909896704668045,0.09162541547430711,0.08224959774550403,0.08040774794468608,0.06674121484195746,0.07540950274506034,0.0834343243835379,0.07973293584970793
2022-06-25 00:00:00+00:00,0.1033295770618196,0.08502823693512827,0.10915675955678068,0.07184873754599186,0.07009598305440967,0.09237216669152055,0.0812563416962464,0.08022514744063472,0.06717880704776608,0.07495430149167144,0.08421481115416188,0.08033913032386886
2022-06-26 00:00:00+00:00,0.10254488015593632,0.08488579893647873,0.10841995737550189,0.07424091388922786,0.07195490424180664,0.09241240099120641,0.08046634207764855,0.08053324694826211,0.06712294034758902,0.074877830559279,0.08238416879951718,0.08015661567754628
2022-06-27 00:00:00+00:00,0.1030723615119153,0.08509365297930484,0.1086622681996165,0.07431787595344723,0.07168831485508248,0.09257461384302804,0.08061483370666718,0.07986137665492594,0.06729054586140999,0.07403414209651542,0.0826860084943244,0.08010400584376264
2022-06-28 00:00:00+00:00,0.10294263555799557,0.08506554162968648,0.10926891367633912,0.07428264216072698,0.0716108390728444,0.0925510017467722,0.08051704611394869,0.07978237285301269,0.06726262528363522,0.07398809611814702,0.08287523522813264,0.07985305055875903
2022-06-29 00:00:00+00:00,0.10300483735654058,0.08463290108899585,0.10896191832587677,0.07359999293937637,0.07130400381906478,0.09240894051925831,0.08011767380285659,0.08035712324828033,0.0675773124827577,0.07524755683253662,0.08262269823612635,0.08016504134832965
2022-06-30 00:00:00+00:00,0.10380853042852911,0.08345977527678729,0.10796002370293832,0.07858016071563348,0.06997047087695817,0.09224911233635595,0.08023944929879291,0.07934568628285978,0.06711345525894065,0.0753109143445738,0.08144046656805862,0.08052195490957202
2022-07-01 00:00:00+00:00,0.10421124348884679,0.08318412731869246,0.10821337803087705,0.08001264938925526,0.0697592707861594,0.09240484428310468,0.07906602886916521,0.07941581088923258,0.06702323055924746,0.07529496956068626,0.08126795402347436,0.08014649280125846
2022-07-02 00:00:00+00:00,0.10451990503849298,0.08309751171969297,0.10855969631681006,0.0787919235592411,0.06993080495808034,0.09264602438072263,0.07891575849072971,0.07913285818182654,0.06717944611541142,0.07544588788386936,0.0815947356320991,0.08018544772302388
2022-07-03 00:00:00+00:00,0.10455190256057315,0.08317303571297528,0.10858707528605367,0.07874988302852433,0.07000127691642698,0.09263387918353347,0.0787273712329842,0.07922978348033596,0.06690815159776854,0.07554027270631876,0.08169146983461018,0.08020589845989556
2022-07-04 00:00:00+00:00,0.10520831142054744,0.08253455878673999,0.10802043615273395,0.07987269751678418,0.06950246246823635,0.09312549152299966,0.08048262194288427,0.07812101122503598,0.06666280303552442,0.07389298176670815,0.08191307182988561,0.08066355233191987
2022-07-05 00:00:00+00:00,0.10495164341170533,0.08194610610757921,0.10727199113166913,0.08071388189114904,0.06908087942630979,0.09297503748939379,0.07932826929010219,0.07720452799057509,0.06650881491235308,0.07437814434810956,0.0827515481275434,0.08288915587351037
2022-07-06 00:00:00+00:00,0.09814535777471162,0.08324332218958458,0.10879450815572758,0.08149628059868484,0.07013389448090153,0.09401098339252047,0.08046320873429351,0.07719719303595111,0.06668651040220215,0.07394741318045776,0.08175482405187792,0.08412650400308685
2022-07-07 00:00:00+00:00,0.09820578269719787,0.08313350509911617,0.10915556472500992,0.08154193663022771,0.07003605978062188,0.09402057422090367,0.0802673967733192,0.07700290439836388,0.06661363866732993,0.07392108250350773,0.08144157470726095,0.08465997979714096
2022-07-08 00:00:00+00:00,0.0987640070412626,0.08334876935256129,0.10974759351726451,0.08104374147348507,0.07030696102074795,0.09363441500578416,0.08033943297782364,0.07752469951367431,0.06603640037682909,0.07405432831766116,0.08049667234104592,0.08470297906186017
2022-07-09 00:00:00+00:00,0.09454071087023691,0.08836056609101618,0.116245527340705,0.078527009486214,0.0885045029524048,0.0932238819986652,0.07622358064472351,0.07289642353696307,0.060288741971752415,0.06903831485346885,0.0791171502519965,0.08303359000185365
2022-07-10 00:00:00+00:00,0.09353618631990339,0.09069133057701864,0.11706307795464604,0.07748285428747667,0.09482198788884247,0.09199140162376822,0.07555572354159354,0.07177114240901562,0.05923801153016042,0.06799756089559972,0.0779408429970568,0.08190987997491832
2022-07-11 00:00:00+00:00,0.09437603563240136,0.09001455206252221,0.12059300006268593,0.07584875326829126,0.1011128084602246,0.09197245524226066,0.07632523361394762,0.06927799215956776,0.05706087307575173,0.06714178632199604,0.07614481522750322,0.0801316948728477
2022-07-12 00:00:00+00:00,0.09402407463885544,0.09150569363482708,0.12172620903383924,0.07585666056862314,0.09673905517204215,0.08822337222199438,0.07746924354947189,0.06829558517713429,0.058941118455855715,0.06859183968789188,0.076815151378292,0.08181199648117292
2022-07-13 00:00:00+00:00,0.09385186454153181,0.09214382149345005,0.12362421281371744,0.07633817895285082,0.0963892674065742,0.08692765033660974,0.07721903635188918,0.0677464748675095,0.05920879138722956,0.06815343663614053,0.07669960345686239,0.08169766175563477
2022-07-14 00:00:00+00:00,0.09138996956871878,0.09281772019323994,0.12018377783024022,0.07832080738001425,0.09758484358310979,0.08676351474254808,0.07374932203592992,0.06854831262602343,0.06093213616420783,0.06900787032301815,0.07748669331001369,0.08321503224293594
2022-07-15 00:00:00+00:00,0.09191871223762806,0.09253455959792492,0.12142053135314801,0.07795936091726814,0.09767797096550253,0.08760722779306471,0.07377354994985838,0.06832034584592996,0.05935388275994454,0.06889659054433858,0.07711076603642177,0.08342650199897039
2022-07-16 00:00:00+00:00,0.09196123752355846,0.0922791832747991,0.12183255718052788,0.07829327385648173,0.09755971833075185,0.0876851357928828,0.07365749265410097,0.06846389707268918,0.05913430502708563,0.06868913077720559,0.07690528040246425,0.0835387881074526
2022-07-17 00:00:00+00:00,0.08806280747507203,0.0931417823302471,0.1193225573875289,0.07910205377983048,0.09838885470706603,0.0881675020026432,0.07361837466421735,0.06909152244279151,0.0596795853461968,0.06917765476305988,0.07812001933468525,0.08412728576666167
2022-07-18 00:00:00+00:00,0.0873369542567745,0.09288605572350717,0.11971128035250231,0.07979290426967879,0.0984742824274475,0.08902151352970691,0.07338086024889232,0.06865875466898104,0.059467853977614726,0.06833364306628226,0.07829754124923848,0.08463835622937396
2022-07-19 00:00:00+00:00,0.07734585542753712,0.09745669124193176,0.11727068469033836,0.08351113398129377,0.10451161138492007,0.09253382580342223,0.07481160749518742,0.06738736066810719,0.05546126081747954,0.06380537789510216,0.08150796029414993,0.08439663030053045
2022-07-20 00:00:00+00:00,0.07731906177545493,0.09839008310718225,0.1178631467560284,0.08428236298478689,0.10534438577153082,0.09351304564378515,0.07547302574289493,0.06776759705332658,0.05579485811246898,0.05712321443096595,0.08225987594891153,0.08486934267266355
2022-07-21 00:00:00+00:00,0.07486681994224458,0.10003066937355508,0.11564808613308909,0.0847382628436736,0.1071308733711007,0.09473354028575243,0.07621498469597138,0.06698855948872513,0.05579176767335496,0.05626186338408486,0.08368345482281234,0.08391111798563596
2022-07-22 00:00:00+00:00,0.0749301316221431,0.10010960900774017,0.11583677337386739,0.08460493857658562,0.10719059508765148,0.09479928743334338,0.07624324113556145,0.06709002776509261,0.05533076174076221,0.056216283146775604,0.08370956383992975,0.0839387872705473
2022-07-23 00:00:00+00:00,0.07429669738946879,0.10014342281077256,0.11582128623098704,0.08558456719831473,0.10716746645434766,0.09489414746826864,0.07558878885713566,0.06709758249001777,0.05530686456998356,0.056033542253588205,0.08360063089914585,0.08446500337796954
2022-07-24 00:00:00+00:00,0.07441960235841988,0.10035649733743042,0.11665687265646979,0.08607040328501983,0.10733758452605927,0.09417234828549273,0.0757468982941982,0.06547297733977045,0.0555728281128071,0.05575684962601967,0.08381160567637316,0.0846255325019395
2022-07-25 00:00:00+00:00,0.07442414148868427,0.10049441849249235,0.11681697888230955,0.08623897597711945,0.10738991260577645,0.09427635150744379,0.07587234515581986,0.0649532156045115,0.05564814540317453,0.055685080601287594,0.08363673807501203,0.08456369620636865
2022-07-26 00:00:00+00:00,0.07363903909104626,0.10030523998172472,0.11792503955942839,0.08788150189865203,0.10929867445858696,0.09465925832283299,0.07402628187832787,0.0640922031792552,0.05508177572962545,0.05460811906479118,0.08357429755793344,0.08490856927779551
2022-07-27 00:00:00+00:00,0.0732836114606457,0.0998110294313571,0.1172220398417272,0.08891536916488417,0.10891901683873025,0.09571274980712771,0.07338756089683686,0.06403723644782855,0.05490839464374979,0.05522170675969253,0.08270082841319862,0.08588045629422149
2022-07-28 00:00:00+00:00,0.07413333961934102,0.10083999528010505,0.11338966385164963,0.08936899202971686,0.10873894986426674,0.0968494195740106,0.07195967199683126,0.06458040475173502,0.0541685516937159,0.05582150284885338,0.08265259910700201,0.08749690938277252
2022-07-29 00:00:00+00:00,0.07375405165024171,0.10056554811828823,0.11335556615570362,0.08966239775248995,0.10886155512924724,0.09822046952538671,0.07195854088504455,0.06466450155012939,0.05427581331473207,0.0558765860497238,0.08138442721271287,0.08742054265629982
2022-07-30 00:00:00+00:00,0.07304126253713282,0.10255763322514291,0.11184551408859379,0.08876090578388335,0.1107525333382801,0.10056752685548216,0.0713662518763574,0.06409925163642381,0.05405345774662628,0.05699809900048002,0.08019520368863195,0.0857623602229654
2022-07-31 00:00:00+00:00,0.0728306925087034,0.10122676881483288,0.11154415212883614,0.08888958064678942,0.11132663158058817,0.10066161609313845,0.07170994451503207,0.0644087473406375,0.05410182188526423,0.05708964744097562,0.08031903619094559,0.08589136085425658
2022-08-01 00:00:00+00:00,0.07248052203687808,0.10081124375949836,0.11145600096714187,0.08800473400769547,0.11344231590277426,0.10129765268400193,0.07141529376716543,0.06415523070013053,0.053959361422586324,0.05688960011476758,0.08043410638917578,0.08565393824818436
2022-08-02 00:00:00+00:00,0.07232891532285535,0.10070204215208257,0.11152847615719613,0.0873712832518511,0.11344827289559418,0.1015700064076852,0.07169824652704783,0.0639640216249632,0.05374702254227717,0.05757506970507966,0.08037103825674818,0.0856956051566195
2022-08-03 00:00:00+00:00,0.07296492713283995,0.10061441130703638,0.11124491180569301,0.08713864910214289,0.11303839797031441,0.10105536386882337,0.07233933219731768,0.06371759967082649,0.05359177308344341,0.05838615342700519,0.08017789353329759,0.0857305869012595
2022-08-04 00:00:00+00:00,0.07261936974038692,0.10044264782943459,0.11025749381127928,0.08702371672111255,0.11300143571965814,0.10076324702171972,0.0734276007601398,0.06379369050097342,0.053566571759867676,0.058230574131003396,0.08006084898660516,0.08681280301781938
2022-08-05 00:00:00+00:00,0.07283719852876024,0.10071285200137092,0.10940072630136657,0.0872410530640992,0.11311736324133416,0.10095624274263525,0.07362580453386097,0.06386440682518445,0.05368660083935082,0.05768194845088793,0.07996546444004847,0.08691033903110096
2022-08-06 00:00:00+00:00,0.07261322702493973,0.10136148101121685,0.11033252415978761,0.08659014187276776,0.11273286477434531,0.10100743496912613,0.07360538567350633,0.06390820650391883,0.05449241203381525,0.058686931723469185,0.07949019261752685,0.08517919763558016
2022-08-07 00:00:00+00:00,0.07284819030627628,0.10237598380637052,0.11060682163614252,0.08612451426660381,0.11262197313146144,0.10086637109462783,0.07355976747403632,0.06370961913092978,0.05455484400749195,0.05840930280535391,0.07924105403874208,0.08508155830196346
2022-08-08 00:00:00+00:00,0.07298159210530794,0.10261906919997675,0.11066401419848951,0.08636954989277162,0.11296553839236786,0.10055379983126649,0.0734624585866728,0.06378084135622938,0.05463929641731869,0.058557848226206057,0.07977892112817998,0.08362707066521291
2022-08-09 00:00:00+00:00,0.0729793957457419,0.10278140833658526,0.11093389879783618,0.08536319042974153,0.11315308356283398,0.10006562440780317,0.07358982000899005,0.06389142561603997,0.055024553664594564,0.05863973924367573,0.07986055642856416,0.0837173037575936
2022-08-10 00:00:00+00:00,0.07256681456006392,0.10113643076506028,0.11070210222609489,0.08583038202166325,0.11428609203153416,0.09785912837460582,0.07376137707452476,0.06546498343481058,0.05476902502588018,0.059011616324455396,0.08015031717029455,0.08446173099101231
2022-08-11 00:00:00+00:00,0.07163791051128675,0.10499725814034942,0.10978779935859821,0.08384577580438045,0.11490416411394451,0.09527048883228785,0.07358368378765698,0.06732926393501101,0.054726313647472234,0.057463554576708736,0.08381392739416736,0.08263985989813648
2022-08-12 00:00:00+00:00,0.07178244571802711,0.10557213478679929,0.10711605318008993,0.08201453553638151,0.11573878844769843,0.0943939475385775,0.073880155539808,0.06961464504763877,0.05431985690418494,0.056996776835411274,0.08671466611370843,0.08185599435167489
2022-08-13 00:00:00+00:00,0.06872743258250959,0.11724279069675698,0.10831548356145906,0.07867537872690084,0.11968478177523982,0.09091407663994411,0.07114982314647898,0.06760525131042099,0.0552386238751119,0.05475763549083422,0.08936598726102356,0.07832273493331984
2022-08-14 00:00:00+00:00,0.06939089437858784,0.11736271213402523,0.10709782583459924,0.07811875590821962,0.11846501360103844,0.08957155772886008,0.07057155805667563,0.06823247185770032,0.05362242389547389,0.05423544382018277,0.0902036119278987,0.08312773085673837
2022-08-15 00:00:00+00:00,0.06833615688197973,0.12126446475898912,0.10608603343243043,0.08025880164771729,0.10787327324501947,0.09458012791867594,0.07055639218592781,0.0680479843588686,0.05307168643761129,0.05363652183610401,0.09172721336187084,0.08456134393480534
2022-08-16 00:00:00+00:00,0.06587531210744743,0.12245566531017413,0.10504018828194095,0.08446019668405816,0.10642253061267035,0.09861624704317329,0.06794504083337716,0.06717687488363012,0.05259208507640606,0.05195709847969588,0.09138874752770768,0.08607001315971902
2022-08-17 00:00:00+00:00,0.06660839551777047,0.12395871972743329,0.10635248670760168,0.08549215227581397,0.09559798430564503,0.09981090363070236,0.06849135351748491,0.06796280801351776,0.053365295905436844,0.0527121852822763,0.09280647200453157,0.08684124311178587
2022-08-18 00:00:00+00:00,0.06622588719977088,0.12482206318581444,0.10694999307763545,0.08439033040302737,0.09331230177014553,0.10173553281677689,0.06749931439272448,0.0679174861782279,0.05499476583766145,0.0524736831518388,0.09241452905901007,0.08726411292736683
2022-08-19 00:00:00+00:00,0.06554461742014103,0.12475020462333059,0.10709004444943293,0.08387754034432326,0.09253394902911563,0.1009840951900243,0.06637639536055298,0.0674244170374851,0.05534726764813579,0.05201638012843346,0.09581637640182718,0.08823871236719778
2022-08-20 00:00:00+00:00,0.06545778764927955,0.12577336833265682,0.10626106668727468,0.084860482090191,0.0902384482621221,0.10175600983165849,0.06718907148872785,0.06260268878364024,0.05581827694517084,0.0528484222325932,0.09660677663241883,0.09058760106426654
2022-08-21 00:00:00+00:00,0.06523993686601254,0.12528142612927082,0.10583249032584684,0.08456187122119019,0.09130946986090357,0.10158309957400925,0.06695484689362223,0.06239058064297723,0.055638243150029326,0.05269566837472196,0.09622917432613452,0.09228319263528165
2022-08-22 00:00:00+00:00,0.06563196200089794,0.12509663918545952,0.1054296438023357,0.08471856788848997,0.09213601681292431,0.10166967493338733,0.06703331009695723,0.06194327329512546,0.05559023891506061,0.05255404291134549,0.09618673431223095,0.09200989584578556
2022-08-23 00:00:00+00:00,0.0663010286722108,0.12430577118567596,0.10564971278167579,0.08425722576376787,0.09093313685343575,0.1011053253528077,0.06905856216642804,0.061403063058833605,0.05737433155729504,0.0521775549421801,0.09620802779562791,0.0912262598700614
2022-08-24 00:00:00+00:00,0.06505851625029267,0.1417856098767185,0.10387388459754297,0.08244884849597435,0.08888404712670224,0.09893801034347235,0.0692759119609995,0.059731587145559706,0.055955305065860966,0.05124929794830253,0.09363168661731375,0.08916729457126048
2022-08-25 00:00:00+00:00,0.06488521352407549,0.1414893525678981,0.10350433133051139,0.08220254625618142,0.08861704917639757,0.09849507121297295,0.06901918887170573,0.05951111974097559,0.055786562626624195,0.051170316027136516,0.09515364612526339,0.09016560254025771
2022-08-26 00:00:00+00:00,0.06466817533257697,0.14136601301959703,0.10326858468358559,0.08241198661074291,0.08850594602256819,0.09848818354244356,0.06886647432257569,0.059720395477148636,0.055589292121538875,0.051537037935400494,0.09510579680576095,0.09047211412606132
2022-08-27 00:00:00+00:00,0.06070727312726842,0.1428717543043747,0.10489695429980087,0.0820986925258447,0.08905128083159239,0.09827499262239806,0.06888641992248931,0.06066805620648269,0.056393532515231555,0.051450414075598846,0.09566349208392663,0.08903713748499191
2022-08-28 00:00:00+00:00,0.06006941898021285,0.14599186580720974,0.10388050798406041,0.0852870387430957,0.08897784181945033,0.09756904717020931,0.06887544587104598,0.059186179251627884,0.0555411923782292,0.05084602624959195,0.09527979501069603,0.08849564073457064
2022-08-29 00:00:00+00:00,0.05992112814153542,0.14454634370632946,0.10451285848377352,0.08711330353768847,0.08993943347391112,0.09643747499044315,0.06817190067398618,0.059460544295367415,0.055773870656259376,0.05099888036168967,0.09558268558927004,0.08754157608974639
2022-08-30 00:00:00+00:00,0.05941223781872833,0.14542263648035655,0.10470874210663078,0.08460281861252017,0.0903796186729247,0.0973860069000357,0.07047367034866706,0.05931268916430017,0.056796763025178644,0.05068175435111846,0.09713329234904541,0.08368977017049417
2022-08-31 00:00:00+00:00,0.05917626764982399,0.14808484069870947,0.10434821250796053,0.08704824845107657,0.08715536053120009,0.09706760399052795,0.07128005003481076,0.059596616584625096,0.05666857534766575,0.05048930568374204,0.09546966489872852,0.08361525362112926
2022-09-01 00:00:00+00:00,0.05917877037173206,0.14805527592079817,0.10444495822983257,0.08713620297430492,0.0871099422285976,0.09685582401512928,0.071334737490457,0.059263302180950175,0.05684508484347135,0.05048184109296069,0.09551238413869764,0.0837816765130684
2022-09-02 00:00:00+00:00,0.05926590873782977,0.14834617215919102,0.10460127164818701,0.08712733663456075,0.08680179728619915,0.09673098263277803,0.07171343633440436,0.05997162812320819,0.05664679092292373,0.051320679212548785,0.09356474667303857,0.08390924963513068
2022-09-03 00:00:00+00:00,0.05946156140316736,0.14820569623965804,0.10466805035087237,0.08739347303950884,0.08630832344045701,0.09682382558455821,0.07448269032218491,0.06001374228978917,0.05673112856396425,0.05122351375985477,0.09067852056435656,0.08400947444162865
2022-09-04 00:00:00+00:00,0.061531545000825236,0.14733133672239054,0.10412969826397193,0.08739391571604561,0.0846673826117948,0.09533824978652634,0.07406043404714535,0.06020509370048359,0.05703181789267689,0.051616452426931046,0.09315034719532621,0.0835437266358825
2022-09-05 00:00:00+00:00,0.06141888381848526,0.14766591226429093,0.10433035225746895,0.08746363058366774,0.08467744934693432,0.09425399435717802,0.07436535156901586,0.060260384507987354,0.05706220779736326,0.05157303864611921,0.0933517802076359,0.08357701464385317
2022-09-06 00:00:00+00:00,0.061155357769771344,0.14563331406758317,0.10388651469800657,0.08837806152378193,0.084278960593063,0.09455200041711806,0.07462563897741305,0.06004887909915519,0.05752306612756217,0.05135463726683689,0.09483082416300391,0.08373274529670474
2022-09-07 00:00:00+00:00,0.06107131845301955,0.14770102396435356,0.10290121012243288,0.08876311244046489,0.08405987107488651,0.09466802949294693,0.07508952476120323,0.058583500089737374,0.05908317483855682,0.05086266569728239,0.09358191404242376,0.08363465502269211
2022-09-08 00:00:00+00:00,0.06183263217038264,0.14569313663875205,0.10332653067295533,0.08742412300266116,0.0851009909302718,0.09618481473370692,0.07444813824624408,0.05910213448793031,0.06017611112229307,0.05164330908761134,0.09457225675748791,0.08049582214970352
2022-09-09 00:00:00+00:00,0.06145884894306491,0.1448169516452126,0.10433063400609088,0.08763911224430194,0.08473790229169174,0.09572630632839954,0.07443041094574696,0.058341661911330396,0.06067538816215232,0.051430301656453535,0.09518097293064856,0.08123150893490652
2022-09-10 00:00:00+00:00,0.06028756590587859,0.1465888443222482,0.10169123758055086,0.08843945028548235,0.0865230005943021,0.10365386256049505,0.07204117364093218,0.05737630134275668,0.05846871179984751,0.049303712881728266,0.09631333066946263,0.07931280841631566
2022-09-11 00:00:00+00:00,0.05954544017778385,0.14532784671106733,0.10073576702726497,0.08981923385018807,0.08650073047161529,0.107713383610124,0.07173323810084858,0.05729082662304499,0.057568604101557876,0.04877153584673905,0.09652365702725463,0.07846973645251137
2022-09-12 00:00:00+00:00,0.05935622010148671,0.1489563624309309,0.10265305991826028,0.08752315609157812,0.08434748484151383,0.10951117265244034,0.07551318919092011,0.05593751524726329,0.05567960374030725,0.0477217439184792,0.09593008464316294,0.07687040722365697
2022-09-13 00:00:00+00:00,0.058869449357284984,0.14983927423495935,0.10174151271966976,0.087658383697449,0.08393277272281281,0.10897738603815013,0.07526721504856236,0.05594518774098619,0.05749059210460781,0.04754841732479382,0.09616073129194494,0.07656907771877887
2022-09-14 00:00:00+00:00,0.059301380990419726,0.15103589953451174,0.10182819996570103,0.08808523187342786,0.08296602326791375,0.10826173297403326,0.07584329747107729,0.056014269316802194,0.056841054277930306,0.04745116154587791,0.09618359127310577,0.07618815750919901
2022-09-15 00:00:00+00:00,0.0606971416803962,0.1501736863658661,0.10460247673832056,0.08742404771852222,0.08212946064406236,0.10800649931135609,0.07672053921998319,0.05555318583216671,0.05658872651258295,0.04714486849135139,0.09527823706968643,0.07568113041570589
2022-09-16 00:00:00+00:00,0.06140461147065735,0.1499320904668541,0.10239328146188832,0.08737680805423431,0.08157115018732637,0.10906260828092201,0.07672839796342264,0.05469472416560129,0.05701963811388727,0.047618483634961496,0.09582549798924214,0.0763727082110027
2022-09-17 00:00:00+00:00,0.06830760653280613,0.13886922413267946,0.10656059698407783,0.08353140892953048,0.0755441005539686,0.10519870617994544,0.07669110914043596,0.05544647775656997,0.06920083942399294,0.04880261697434611,0.09546410232621227,0.07638321106543478
2022-09-18 00:00:00+00:00,0.06882849981239857,0.13640377542151094,0.10548916974762768,0.0829484376518394,0.0748243028636451,0.10415181405228517,0.07603768529964969,0.054998319433868265,0.06871625837653711,0.057240740502600286,0.09445773388786505,0.07590326295017272
2022-09-19 00:00:00+00:00,0.07329799268423999,0.12930758299220318,0.11014189022751311,0.08068667787758121,0.07484458013150587,0.10486135437578406,0.07326258909552011,0.052516176367751584,0.06871940279457474,0.05967278163272897,0.09324428000674542,0.0794446918138518
2022-09-20 00:00:00+00:00,0.07008982881546504,0.12938548328127272,0.11044220761972853,0.08105455278422975,0.07463283054382461,0.10421240926929379,0.07233159524204484,0.05248982912018892,0.07190121095605963,0.060218794774513265,0.09356057047056707,0.07968068712281173
2022-09-21 00:00:00+00:00,0.07067701407465302,0.11798762881668055,0.11190247000473537,0.08232787953825176,0.07594285655353876,0.10344426470733473,0.0729651434831476,0.05319604093205598,0.07357086114424151,0.061874071385153565,0.09491029797280207,0.08120147138740516
2022-09-22 00:00:00+00:00,0.07064891987135254,0.11552046957189607,0.1122115834417536,0.08233558063377404,0.07589066782482455,0.1039596913797884,0.07185032449429216,0.055277174913925135,0.07342540536988411,0.06303933177377787,0.0948682350244067,0.08097261570032468
2022-09-23 00:00:00+00:00,0.07352524901047858,0.07811262976993218,0.11555073275841461,0.08565073542939326,0.07923106884212747,0.1083534465870095,0.07434208040050717,0.05824984015316732,0.07616993461725916,0.06616301606812063,0.09984676767931104,0.0848044986842792
2022-09-24 00:00:00+00:00,0.07435935986589923,0.07609983130199341,0.11694185032353654,0.082779945722246,0.07485470806634152,0.10811525306668454,0.07696759726151986,0.05758515953195672,0.07881599439020148,0.07035075137284666,0.09952863487218849,0.08360091422458547
2022-09-25 00:00:00+00:00,0.07434676672882119,0.07558386550372959,0.11708125933896302,0.08242870345539752,0.07478539986451004,0.10867151116174899,0.07726627810566572,0.057635023110396616,0.07845294852279994,0.07029920448521491,0.10009683531373095,0.08335220440902165
2022-09-26 00:00:00+00:00,0.07148793959024466,0.0727116048190496,0.12563477617896585,0.0800803215322655,0.0725147435397604,0.1042642459394556,0.08028722448629112,0.05587961176889622,0.08707281139082142,0.07011041198593389,0.10002013020101337,0.07993617856730229
2022-09-27 00:00:00+00:00,0.07152490927917882,0.07144762144151984,0.12505222246348469,0.07826821281090009,0.0719278301606535,0.10355159903582739,0.07994163651043573,0.05529185267418788,0.08751554506011786,0.06928478755042053,0.10628866339277515,0.07990511962049848
2022-09-28 00:00:00+00:00,0.07092116278932736,0.07003032252804609,0.1304527857896217,0.077581215120306,0.07116456205977983,0.10261584177420109,0.07905335727115531,0.05495953579877335,0.0862111142343232,0.06859600698986369,0.10595361401744874,0.08246048162715369
2022-09-29 00:00:00+00:00,0.07170077053711363,0.07110040872746196,0.12899053664845472,0.07751088077802341,0.07115871326194101,0.10244560623125648,0.07902341641126619,0.05532212839125978,0.08612657251090383,0.06853443844632773,0.10587235872288121,0.08221416933311
2022-09-30 00:00:00+00:00,0.07199183762057605,0.06851042465390962,0.1292472352213383,0.07893092482413894,0.07114549178467795,0.10256645054648507,0.0791866531905074,0.05574212849767402,0.08597627277080834,0.0686835853561805,0.10579997076415061,0.08221902476955319
2022-10-01 00:00:00+00:00,0.07199721119991116,0.06839236616747724,0.1291611564201816,0.07975596115371768,0.07107578049906321,0.10228881334702256,0.07910668748606589,0.055700228555220443,0.08651478546594119,0.06912141503640233,0.1054694119557984,0.08141618271319823
2022-10-02 00:00:00+00:00,0.07239483802505593,0.06822878331333586,0.12870834316315322,0.0798053912811187,0.0710783527510242,0.10237347388739755,0.07926737105832891,0.055663854337084304,0.08601126915122713,0.0694761163907277,0.10491080654268216,0.08208140009886435
2022-10-03 00:00:00+00:00,0.07262302437703011,0.06698716914277605,0.1344745214016375,0.0793675701646169,0.07072312414589582,0.10129660312510524,0.0787516085273858,0.05528106305284855,0.08582775470307369,0.06921688921600218,0.10356276823415042,0.08188790390947777
2022-10-04 00:00:00+00:00,0.07199654319534408,0.06612934125598234,0.14039891156517434,0.07854762538456812,0.07014679098351068,0.10032176112462618,0.07770783911335188,0.05475935064403521,0.0841743780828233,0.07115054263798565,0.10328258765617082,0.08138432835642744
2022-10-05 00:00:00+00:00,0.07153821942950334,0.06505964958502415,0.13441959642077939,0.08256872060308781,0.06884960509879076,0.10104960317014036,0.07794051436089446,0.05442985615836814,0.0831739522332347,0.07084829969169118,0.10614597899876707,0.08397600424971847
2022-10-06 00:00:00+00:00,0.07148287455318454,0.06492994761199619,0.1341122312274906,0.082810980108669,0.0680063663251856,0.10098254411645569,0.07975417373623757,0.054480341248784356,0.08249901101826376,0.07143353558813699,0.10638067376443607,0.08312732070115969
2022-10-07 00:00:00+00:00,0.07080910867172772,0.06452203451431236,0.1336126542344416,0.08249535542305662,0.06759656644054675,0.10195229892455303,0.0805934374056747,0.05432570497839285,0.08170972161466537,0.07096320168722936,0.1059860575209696,0.08543385858443002
2022-10-08 00:00:00+00:00,0.07028385228953707,0.0633026097625674,0.13277131112740206,0.08572870517231544,0.06706117828879622,0.1031128892610214,0.07992810916170819,0.05389272875982791,0.08133438671571457,0.07050768654873046,0.10634631594299442,0.08573022696938498
2022-10-09 00:00:00+00:00,0.06992911878065033,0.06391447522167554,0.1307727070718373,0.08527226705741119,0.06629321038933518,0.1078057326434156,0.07885980741277424,0.05362124555427376,0.08102009579324419,0.06972554773190658,0.107745506960733,0.0850402853827431
2022-10-10 00:00:00+00:00,0.0688449957943624,0.06250763434374482,0.12921396264482843,0.08800439962159501,0.06526226909059192,0.10857100508206224,0.07998396079215558,0.052827657558574576,0.07961635644633,0.07236256611354042,0.10778023578140442,0.08502495673081018
2022-10-11 00:00:00+00:00,0.06976988494833776,0.062144291745578346,0.12969897235512554,0.08941743508257825,0.06622410372830227,0.10034108572672751,0.08121555424233841,0.05276556538132769,0.08072245373167042,0.07309136999240247,0.1095315343119093,0.08507774875370203
2022-10-12 00:00:00+00:00,0.06958430586525131,0.06181683345569077,0.13003577308035708,0.08956881783005982,0.06607973046587441,0.09982624575379807,0.08130534968570936,0.05205546138357009,0.08063749329381768,0.07302718362929844,0.10943293712237803,0.08662986843419478
2022-10-13 00:00:00+00:00,0.06879660053970817,0.06096134632407041,0.1281074855164652,0.08836659023505879,0.06517277470659363,0.09964312306617763,0.0801710947993653,0.05149000288237993,0.09123413576546476,0.07195998542151807,0.10874868762303296,0.08534817312016525
2022-10-14 00:00:00+00:00,0.06722734348494858,0.06032504390986409,0.12761526921937355,0.08746926571118917,0.07091999211610145,0.09959231715579026,0.08014101641727062,0.05040261672636389,0.09219877778607408,0.07219206020204398,0.10679624149537646,0.08512005577560389
2022-10-15 00:00:00+00:00,0.0668958355609847,0.059938801984801005,0.12691736721764132,0.08686949778553378,0.0715520486437246,0.09928500605181147,0.0796723194342684,0.05010773470821403,0.09467084072484999,0.07261751938091203,0.10735916870747886,0.08411385979977977
2022-10-16 00:00:00+00:00,0.06615767820569397,0.05924984641813359,0.1254848078653726,0.08603049354112904,0.08154679707245883,0.09845025587868812,0.07908414737532918,0.04958384531610759,0.093713052001693,0.07190707450559204,0.1055824054247255,0.08320959639507661
2022-10-17 00:00:00+00:00,0.06570555634675145,0.05852535528950655,0.12539105641234302,0.08655707919477143,0.08361125039681915,0.09819279479288406,0.07997257455557269,0.049052535855652724,0.09334911110865392,0.07223558527790737,0.10449698566725042,0.08291011510188723
2022-10-18 00:00:00+00:00,0.06477684403512979,0.05806312259024146,0.12571721561423327,0.08632703250390085,0.08563147628147358,0.09989356587372647,0.08013807012254202,0.04856864402261538,0.09183335009716628,0.0721245159453976,0.10353206335400686,0.08339409955956648
2022-10-19 00:00:00+00:00,0.0644741276125518,0.0573125989948458,0.1280852118882831,0.08499662241026226,0.08906754331957818,0.09801142167373618,0.07901295599005251,0.05310642766812681,0.09010550417431822,0.0712168106633551,0.10265573351452612,0.0819550420903641
2022-10-20 00:00:00+00:00,0.06433464780363647,0.057732230697895,0.12908322555592938,0.08547658900479023,0.08932810064722285,0.09788685134487682,0.07817503014214404,0.052870981256017476,0.09051896159594633,0.07114506479111975,0.10230018555389796,0.08114813160652365
2022-10-21 00:00:00+00:00,0.06450264047085591,0.057825091658493324,0.1299615103765539,0.08450272631250914,0.08934417404588879,0.09834640350609473,0.07832767031175511,0.053067929527431244,0.08977574045367766,0.07120752229009465,0.10237760901328972,0.080760982033356
2022-10-22 00:00:00+00:00,0.06472853781244557,0.057814331685751154,0.13003907632678993,0.08451078400573915,0.08988702932751252,0.09812391715041731,0.07777513887049022,0.05295455355236311,0.08979136478330199,0.07100243528029504,0.10262337160900012,0.08074945959589391
2022-10-23 00:00:00+00:00,0.06458365187885001,0.05769600547849983,0.12974539201459212,0.08470508340282248,0.08968212819249115,0.09791755412378443,0.07822810426953292,0.05342798882143412,0.0896462550481795,0.07118588023465171,0.10250037328108064,0.08068158325408101
2022-10-24 00:00:00+00:00,0.06440708804912007,0.0578529940871733,0.12971242315162415,0.08478379368852496,0.09016504057722755,0.09803091219131951,0.0783457659854068,0.05365091694752606,0.08878882776833721,0.07106662902497493,0.10224355902572947,0.0809520495030361
2022-10-25 00:00:00+00:00,0.06415947065230077,0.05790621807643452,0.12967424122665602,0.08479839188643234,0.0913182078429121,0.09820342912941739,0.07842245800364955,0.053457548029538726,0.08887934959489494,0.07108178306877942,0.10109304496047729,0.08100585752850688
2022-10-26 00:00:00+00:00,0.07196943443063525,0.05596460808648419,0.1263542165864635,0.08410148649523848,0.09037057253661265,0.09722534120568997,0.0770869774465645,0.05142369105274048,0.08774838557429308,0.07297578297704914,0.10056226581175765,0.08421723779647099
2022-10-27 00:00:00+00:00,0.07479658834470924,0.05814310905477369,0.13009102715127452,0.08791297810515535,0.054294325856522795,0.10203082703794517,0.08037631062845758,0.054567004597909655,0.09109934787625162,0.0752079184387421,0.10411776734692248,0.08736279556133583
2022-10-28 00:00:00+00:00,0.07584666701740236,0.05761984541098756,0.12857275816651964,0.08655913388764352,0.05108992187148889,0.10369860907007133,0.08362153667943084,0.05550934720883599,0.0893022009256638,0.07564930963859454,0.10272467574047561,0.08980599438288588
2022-10-29 00:00:00+00:00,0.07871736825203308,0.05555233397072348,0.12371249412836811,0.09182989530596701,0.0486352815343869,0.10053077773820338,0.08003071056921289,0.05566744982896412,0.08406383664643947,0.08415936195632878,0.09922758463321286,0.0978729054361597
2022-10-30 00:00:00+00:00,0.08043343683868578,0.0564764022827728,0.123900911301066,0.0940344505902458,0.032305699577784106,0.10200221711790924,0.08119169467297435,0.05643671558479155,0.08530604347638081,0.08600429681472693,0.10437690486678014,0.09753122687588239
2022-10-31 00:00:00+00:00,0.08043478224668683,0.056530472343350936,0.12167095695421708,0.09421721344670103,0.03228887664992976,0.10278649092033777,0.08153890024416008,0.05723004697542319,0.08527604062852101,0.08587003262386145,0.10454545434952539,0.09761073261728555
2022-11-01 00:00:00+00:00,0.08020471686061421,0.0564372325479628,0.11749012973435762,0.09435287557613485,0.03207044904122227,0.10325802048565094,0.07888077290627651,0.05707183929548629,0.08750070662277377,0.08562492059104106,0.10971752174557414,0.09739081459290533
2022-11-02 00:00:00+00:00,0.07956117243389794,0.05588891629104884,0.11630598863883916,0.09553959137525324,0.031227087094558105,0.10242207826645405,0.07784676386507754,0.05651118209855502,0.08597467754262415,0.08362121462503466,0.11862212031461668,0.09647920745404058
2022-11-03 00:00:00+00:00,0.0813238757584466,0.057014343490444375,0.11859600226962524,0.0968847301916481,0.03151830625297196,0.1095875573053851,0.07868989672886482,0.05763753368804808,0.08780658588138295,0.08392827717471153,0.09863806698815074,0.09837482427032043
2022-11-04 00:00:00+00:00,0.0822649106549998,0.057462923998623947,0.11743870338698519,0.09764555472130912,0.031670340494837204,0.11466324825992975,0.07924630007015977,0.05806100463379186,0.0812257321837486,0.08327072801273204,0.09900658894182895,0.09804396464105371
2022-11-05 00:00:00+00:00,0.08931619801915697,0.06150850094669486,0.11555170410973199,0.09608054922951911,0.03436021798127862,0.12468481345644064,0.08215948907673398,0.0618875383255812,0.06329365495379297,0.08739242375031031,0.0961261040777982,0.08763880607296108
2022-11-06 00:00:00+00:00,0.08295138839237469,0.06141500235729519,0.11750969946562555,0.0959823501165111,0.034341805393314176,0.12459491165632322,0.08203487963007869,0.06149093545769623,0.06319341597392104,0.09000666119690745,0.09889371292125437,0.08758523743869832
2022-11-07 00:00:00+00:00,0.07583708770131127,0.061261026886061457,0.11767190253415793,0.10184615291100638,0.033746930206873825,0.12312414231365454,0.08233868871348655,0.06172861458079744,0.0628300080256228,0.08480787030816854,0.10165044548009097,0.09315713033876831
2022-11-08 00:00:00+00:00,0.0732489738453852,0.0621055204397713,0.11961920679049302,0.10304926824930355,0.03423348584890008,0.1251273351455576,0.08377042086536315,0.06367655634850301,0.06081472227009092,0.08608917940485783,0.10342100093693217,0.08484432985484211
2022-11-09 00:00:00+00:00,0.07499510470881349,0.06413101870693223,0.1301510551221166,0.0965456825405248,0.03534430494679711,0.13192449631577643,0.09235593304976232,0.07014951004697227,0.059519681207633506,0.07511047947700746,0.09259052605628434,0.07718220782137926
2022-11-10 00:00:00+00:00,0.043269735426096065,0.06787418174470179,0.12317886830446197,0.10820132013962758,0.03998100260945639,0.13110032636668198,0.08871296730959327,0.06232587816818247,0.06214349156546849,0.08202223114780616,0.10300947164679405,0.08818052557112989
2022-11-11 00:00:00+00:00,0.04315211430762665,0.07042528841698034,0.130649418454063,0.10982108475783431,0.043247832203456314,0.11079338745734593,0.08486552500000125,0.06345696761933367,0.06554410172134274,0.0796148349734587,0.1114385399716269,0.08699090511693038
2022-11-12 00:00:00+00:00,0.043700624384748435,0.07118648858109287,0.12791238137346367,0.10964993815286098,0.043658715912961506,0.11127656604862186,0.0828601218615249,0.06397907584509246,0.06593435568094635,0.07941765206551295,0.112536080073209,0.08788800001996508
2022-11-13 00:00:00+00:00,0.04377704392271748,0.07128143551430716,0.12931372174763528,0.11047697662467937,0.04405007835003504,0.11187919012559407,0.0819190321608728,0.06422002798889064,0.06525441022780713,0.08012743692195934,0.11385081880309925,0.0838498276124026
2022-11-14 00:00:00+00:00,0.04386435345771115,0.07124922318980921,0.1296534604796633,0.11099183136887694,0.044207063760097046,0.11174529322066849,0.08224941570294052,0.06378158180158766,0.06527103796217433,0.0803163056253534,0.11291024168397037,0.08376019174714755
2022-11-15 00:00:00+00:00,0.04353371859585273,0.0698403101784986,0.13403544297992398,0.11066188846380888,0.04403302775969411,0.11107528574413618,0.0821748950654926,0.06421941521430813,0.06477349289424439,0.08027874917786626,0.11218842103037141,0.08318535289580285
2022-11-16 00:00:00+00:00,0.04350268159308769,0.07038604856589949,0.13463881905906033,0.11042025207360567,0.04405818400366443,0.11092764948520271,0.0819359685523395,0.06430970017486295,0.06474668864979663,0.08006150113196338,0.11189145732349555,0.08312104938702175
2022-11-17 00:00:00+00:00,0.04349927886918882,0.07024188517872544,0.13556207350904098,0.11019527033145098,0.044065382140194884,0.11062993574591093,0.0817933365029713,0.06478120094689556,0.06459648898084944,0.07970823800824697,0.11205711177503645,0.08286979801148814
2022-11-18 00:00:00+00:00,0.04284848148167864,0.0699255022983916,0.13589660592747518,0.11377738443457011,0.043327887223812034,0.10864599698093091,0.08350150566876684,0.06800880376216618,0.06490505854749398,0.08145805202357455,0.10590247276021336,0.08180224889092659
2022-11-19 00:00:00+00:00,0.04325147693109704,0.0696644360523058,0.13527984745507635,0.11341446702807789,0.04325357035670492,0.10939175473830522,0.0847626566652942,0.06807308165691772,0.06468005180890678,0.08121480408023399,0.10554141985781317,0.0814724333692669
2022-11-20 00:00:00+00:00,0.04315368712524476,0.07056205639621536,0.13519852611533367,0.11276986088888745,0.0429635220571347,0.1105637865353845,0.08591836897510989,0.06799628379850044,0.06453440865816677,0.08066569681572658,0.104794350167079,0.08087945246721692
2022-11-21 00:00:00+00:00,0.04359823875313263,0.07138280987660979,0.13487562919174298,0.10810861151321059,0.04337493411559755,0.11270984686689588,0.08753301383242065,0.0680206208520896,0.0650327786977398,0.08016057403171063,0.10574857499281544,0.07945436727603442
2022-11-22 00:00:00+00:00,0.04285383110224871,0.0863695249023967,0.13186699584324452,0.10627676344361178,0.04254093425698933,0.1101508624801136,0.08703748169890818,0.06692424997484998,0.06407654339855573,0.07892197699851716,0.10496073057289818,0.07802010532766611
2022-11-23 00:00:00+00:00,0.04356266834716393,0.08746446357187398,0.13155775082070728,0.10701857237044356,0.04349960794022901,0.1104442088302224,0.08814964669137551,0.06781106949898073,0.06444933640488022,0.07975686423272989,0.09927808653106873,0.07700772476032476
2022-11-24 00:00:00+00:00,0.04407296799058233,0.08951107614467779,0.12020605856878563,0.10893110745551321,0.04428677695477079,0.11228410831593608,0.08904799070272103,0.06908435902258467,0.06583752975372932,0.08094250844452325,0.09755396547509176,0.07824155117108422
2022-11-25 00:00:00+00:00,0.044032807561201,0.08947557357971886,0.12012084089658775,0.1088908926913203,0.044261605243334196,0.11226384418189721,0.08905893981495047,0.0690419514096602,0.0658490840370009,0.080944371324703,0.09763786321531408,0.07842222604431222
2022-11-26 00:00:00+00:00,0.04401735608668109,0.09031433925514024,0.12002769683934411,0.11030995937527346,0.04412897630266434,0.11218457418286552,0.08907129331887009,0.06903944627733868,0.0658192867320637,0.08092630304782461,0.0958010510762393,0.0783597175056949
2022-11-27 00:00:00+00:00,0.043957229973831065,0.09108116269780742,0.12008072715881547,0.11100553730836364,0.044044695709250174,0.11212067552981203,0.08898402525593237,0.06891192153199238,0.06579962281502312,0.08079375718606929,0.09521489436604447,0.07800575046705868
2022-11-28 00:00:00+00:00,0.04394252506750564,0.09101407036659175,0.12087981471734058,0.1109088747795581,0.04398265902803921,0.11208775456690763,0.0888757630013529,0.06890851482877293,0.06572903393033995,0.08071857993804436,0.09497999188613729,0.0779724178894095
2022-11-29 00:00:00+00:00,0.04389139299298481,0.09477108507228078,0.12032205874446866,0.1104467937271865,0.04397231885649167,0.112038134712562,0.08895359238752322,0.06907136995185899,0.06573264530720649,0.07794320263703525,0.09500654498717905,0.0778508606232225
2022-11-30 00:00:00+00:00,0.043967790309674966,0.09407131567360394,0.1204792973017197,0.1100942872456547,0.04402922270196993,0.1121986991057623,0.08910335478822015,0.06897774713829041,0.06581842161857157,0.07807274925419497,0.0948555221142736,0.07833159274806373
2022-12-01 00:00:00+00:00,0.04409918583092806,0.09467467303517861,0.12117240569042508,0.11027731071169632,0.04426347088439822,0.11250660528065702,0.08716575923195174,0.06917956824341469,0.06607909378759505,0.07757723978389448,0.094550798430925,0.0784538890889357
2022-12-02 00:00:00+00:00,0.043977236253165464,0.09592060438378838,0.12092289547113999,0.11023179993769815,0.044113421688599136,0.1126584408205328,0.08711232744779804,0.06911465993132723,0.06587850591048805,0.07730996387455125,0.09439134623545067,0.07836879804546062
2022-12-03 00:00:00+00:00,0.04390514869591064,0.0963363212966902,0.12080846990232925,0.10971966861174867,0.04405441319793563,0.11263087852493875,0.0869163743948782,0.06919334817891416,0.0658671245754739,0.07711269109831824,0.09520171135797237,0.07825385016488999
2022-12-04 00:00:00+00:00,0.04375651414991069,0.09689479712158804,0.12261405676603478,0.10961977548912168,0.04412481997329466,0.11243839160650032,0.08672510125719851,0.06902569536464195,0.06540586856057824,0.07654296128180776,0.09480580487877101,0.07804621355055252
2022-12-05 00:00:00+00:00,0.04368615271739116,0.09715907058605422,0.12263651628253762,0.1096584834505629,0.04428314372895915,0.11241559368515919,0.08651764350568335,0.06883312362598307,0.06544674571424186,0.07640023592005549,0.094764602982809,0.07819868780056281
2022-12-06 00:00:00+00:00,0.043744888943381736,0.0973431220698465,0.12355253177656454,0.10980254112199891,0.04432027478899645,0.11252262874493733,0.0863613229736898,0.06785242473474493,0.06542731252145033,0.07601699391926299,0.09416558597513981,0.07889037242998662
2022-12-07 00:00:00+00:00,0.04372639949685616,0.09878636052770115,0.12334662279439056,0.10962453109818864,0.04424793358290422,0.1123605831760853,0.0862227486552826,0.06772627285062116,0.06532271732472389,0.07580112710057177,0.09400147635798728,0.07883322703468719
2022-12-08 00:00:00+00:00,0.043781701996147296,0.09904336901383308,0.12375941467242149,0.10916675533129097,0.044279092475272674,0.11241148889308153,0.08649872896365585,0.06764450335906015,0.06550298896176801,0.07549884032963149,0.09348495796944638,0.07892815803439114
2022-12-09 00:00:00+00:00,0.043853892754081095,0.09990864505836168,0.12303834513369559,0.10817045508599826,0.04434431470630116,0.11207330553399683,0.086636682168,0.06777832188839514,0.06544230428673237,0.07543744460987815,0.09425124006564738,0.07906504870891244
2022-12-10 00:00:00+00:00,0.04337702397904732,0.10163799227810622,0.12255214943005584,0.105943468208525,0.043839681065040555,0.1167044878142381,0.0857715290388872,0.0678446142203842,0.0648296198175839,0.0756391552886419,0.09285605275418068,0.07900422610530919
2022-12-11 00:00:00+00:00,0.04345998325226997,0.1015520612461103,0.12237648214056822,0.10606264791312185,0.04381790744150434,0.11691085602510629,0.08570899885043388,0.06819216337703535,0.0647238893288207,0.07558302085719046,0.09274119061531926,0.07887079895251942
2022-12-12 00:00:00+00:00,0.043540432335888626,0.1016488055024944,0.12258939234477306,0.10476305583360794,0.04385681552037977,0.11735808099550521,0.08579554774491341,0.06821315702673486,0.06479939353093397,0.0756259232722795,0.09285069138623656,0.07895870450625277
2022-12-13 00:00:00+00:00,0.043624723519443936,0.10198732979830012,0.12181260548344881,0.10530317580956507,0.043700315135322576,0.11719752468514631,0.08568983730704602,0.06914743542913694,0.0646786366581616,0.07550294238527669,0.09246620561949301,0.07888926816965885
2022-12-14 00:00:00+00:00,0.04358154155995756,0.1021256067603367,0.12194181729118772,0.10527175122572119,0.043740889625168054,0.11731923929629298,0.08531764556399149,0.06926196611483619,0.0649264131642743,0.07488484950302621,0.09257251546138082,0.07905576443382682
2022-12-15 00:00:00+00:00,0.043643899768765856,0.10105622086330722,0.12213240255271687,0.1054005081314884,0.04386249706086551,0.11717620918943226,0.08562483304394125,0.0694581871837707,0.06497464311102091,0.07485308156853038,0.09260777754743542,0.07920973997872524
2022-12-16 00:00:00+00:00,0.0437812979040869,0.10130341317992678,0.1210039909758335,0.10598459945280597,0.04399562586315261,0.11695111540722303,0.08547794946826487,0.06961009653724123,0.06515031148280875,0.07479862690074694,0.0926893535618478,0.07925361926606163
2022-12-17 00:00:00+00:00,0.045431212343280895,0.10191024389331324,0.11473602366394696,0.10183071161616855,0.04541051245854717,0.1085985154892289,0.08857131407960228,0.07215435869985433,0.06631480831447252,0.0771895701973981,0.09608680018554878,0.08176592905863816
2022-12-18 00:00:00+00:00,0.04550231950336283,0.1019627368735909,0.11376676795724712,0.10197035451889942,0.04538455158753194,0.10882405753285876,0.08878392115959328,0.07218425366550615,0.06621651745896723,0.07730949566252097,0.09616946890692162,0.08192555517299983
2022-12-19 00:00:00+00:00,0.04547613014776613,0.1013337577975372,0.11282480931562158,0.10175213136510217,0.045287773225005386,0.10896457300498796,0.08959206142524012,0.07265463530879487,0.06608507844673288,0.07773254087609266,0.09613593199314105,0.08216057709397791
2022-12-20 00:00:00+00:00,0.04576523584787482,0.09993982783734011,0.11239407674792531,0.10261534729766036,0.04529258365870208,0.10886423528764276,0.0892427293727398,0.07334358952900197,0.06518065486981828,0.07806415291557871,0.09673970123303571,0.08255786540268009
2022-12-21 00:00:00+00:00,0.04606318276637,0.09884401963636573,0.11229566610192793,0.10311147460274137,0.04550010413328415,0.10966292721025421,0.08692110269382546,0.07366789294467108,0.06503971093634896,0.07868744478223885,0.09724752999035448,0.08295894420161774
2022-12-22 00:00:00+00:00,0.046131227695352474,0.09891701347888941,0.11213953495301836,0.10303973079790961,0.04557975783714705,0.10970303431848291,0.08627053812022309,0.07377511460801539,0.06511760798198672,0.07879518274527676,0.09746919502606081,0.08306206243763753
2022-12-23 00:00:00+00:00,0.046162358097867104,0.09880825955774564,0.11217457718549018,0.10315254667009738,0.04545652960162841,0.10987034050780321,0.0861219146609413,0.07353528514018194,0.06532783811287536,0.07879250450373855,0.09751228880497258,0.0830855571566585
2022-12-24 00:00:00+00:00,0.046146067109101865,0.09861520602120849,0.11208681605537248,0.10300699276352569,0.04537792691259467,0.109716971809258,0.08592852354920007,0.07377102817059657,0.06525148258813025,0.078987870551296,0.09818664656362236,0.0829244679060936
2022-12-25 00:00:00+00:00,0.046298715503493564,0.0981579715859848,0.1116669365258498,0.10416950430666759,0.04515887538615502,0.10973796288484133,0.08667105205495164,0.07378364856179077,0.06502297567360446,0.07883717675070409,0.09794275585952493,0.08255242490643197
2022-12-26 00:00:00+00:00,0.04607238912499119,0.09747365050194605,0.11138515954938934,0.10359861716095498,0.049723139442001206,0.10916499452510761,0.08624568489895476,0.07341763786092696,0.06480226847430423,0.07855606355653462,0.0974360870857912,0.0821243078190977
2022-12-27 00:00:00+00:00,0.045959629960554506,0.09724299287942137,0.11116469412670843,0.10450824074661418,0.05050619168921844,0.109000659063182,0.08603191430655228,0.07323014502095189,0.06472026116246032,0.0783589237895759,0.09736363088224173,0.08191271637251901
2022-12-28 00:00:00+00:00,0.04581793466009413,0.09704655671300305,0.11210102568956953,0.10427214982976196,0.05071547949673531,0.10943034463260506,0.08619364302937603,0.07283308699653594,0.06486000167323787,0.07802317944387475,0.0969336764711294,0.08177292136407702
2022-12-29 00:00:00+00:00,0.04275962061130388,0.09503869912636652,0.11021201732439528,0.10136593140027485,0.07841808144180613,0.10562162285112231,0.08388896163236155,0.06844003017392093,0.06345448114938274,0.07635036973814184,0.09488312671486647,0.0795670578360576
2022-12-30 00:00:00+00:00,0.04277300216046229,0.09440987046021998,0.11115463753746395,0.10133643827350979,0.07865036786645556,0.10522784099934393,0.0837690329160892,0.06833304092008728,0.0635126266711497,0.07640250481683838,0.09506074271706202,0.07936989466131775
2022-12-31 00:00:00+00:00,0.04265321632242804,0.09420478130703344,0.11246797373097261,0.1011558230659991,0.07899649370281861,0.10485017405719838,0.0847454272958152,0.06783964115169301,0.06335927613532637,0.0762447864401772,0.0947955441201317,0.07868686267040634
2023-01-01 00:00:00+00:00,0.04243251704489693,0.09360727617109182,0.11191784300065613,0.1010184099533131,0.08328272330586116,0.10421505560074582,0.08471126588733666,0.06739067551975698,0.06313194247303235,0.07611544732648762,0.09407117508306281,0.07810566863375873
2023-01-02 00:00:00+00:00,0.0419976138883626,0.09279705642576234,0.11077690661523866,0.10041112506981574,0.08564441858807388,0.10306926310542582,0.08433394367802655,0.0661231470411128,0.06248023677130847,0.07568931273440237,0.09930532481998844,0.07737165126248216
2023-01-03 00:00:00+00:00,0.04162328241600807,0.0893387044377393,0.1118332462821794,0.10047275451475506,0.08609738152508901,0.10311785448165674,0.0842915538574745,0.0662121778360767,0.06366859382305534,0.07653990679567638,0.0992220159849649,0.0775825280453246
2023-01-04 00:00:00+00:00,0.03926414718626422,0.0874842491585636,0.11352765781766049,0.10161584302712952,0.08317044986107289,0.09922990320650017,0.08314385627446187,0.06428684432844572,0.07229936801307887,0.07502939393043268,0.10105887121754707,0.07988941597884296
2023-01-05 00:00:00+00:00,0.039426831186007594,0.08730957078970841,0.1124993339902744,0.10131190517731359,0.08288439302170429,0.09880166023661957,0.08295799451354009,0.06624607844950513,0.07219751833105774,0.07551841334352434,0.10121819890350942,0.07962810205723553
2023-01-06 00:00:00+00:00,0.039671529413110695,0.08663307387209518,0.11195802889956807,0.10106808888397803,0.0841699429241914,0.0984413066040043,0.08396966821433176,0.06540166027634445,0.07175515925966883,0.076387471487702,0.10034679246854808,0.08019727769645738
2023-01-07 00:00:00+00:00,0.03973095492091497,0.08598472204104798,0.11083158877024586,0.10143518058314427,0.08356469988006746,0.09729181405228153,0.08303645224564954,0.06467199220080716,0.07484676092731306,0.0754338622699238,0.09934625070967927,0.08382572139892526
2023-01-08 00:00:00+00:00,0.036244627035764386,0.0841257248241433,0.10050956755587519,0.10564530075981171,0.09854642028112931,0.08936797856209788,0.07601755895522144,0.059622564381244796,0.07542899407214616,0.0804804282429864,0.10545547014593651,0.0885553651836428
2023-01-09 00:00:00+00:00,0.052119780178841765,0.08896230356289742,0.10240832055102525,0.09607178480670156,0.09790095512568879,0.08156085195288403,0.0790266542955852,0.07215563867952011,0.07879471866269945,0.07402619244627154,0.09799269147658979,0.07898010826129528
2023-01-10 00:00:00+00:00,0.05908723609302803,0.08921371572968573,0.09348540121939085,0.09467463031977924,0.08897934512453012,0.0902478507757964,0.08535364028981551,0.07429382276705199,0.07643998059878342,0.0782092184915123,0.08753118640772223,0.08248397218290413
2023-01-11 00:00:00+00:00,0.05798628614758591,0.08787341318067883,0.0955882163069136,0.09425503796854613,0.088559961414107,0.08873957761540824,0.09195051787039855,0.07396015665910965,0.07580788912244334,0.07859382870194212,0.08582704651906872,0.08085806849379781
2023-01-12 00:00:00+00:00,0.0577279515267641,0.0878786792243309,0.09318251457027601,0.09219475433059907,0.08655447852078613,0.08763928712545259,0.08346397499875877,0.07437653389039695,0.08231703683006675,0.08046746261362604,0.08317204513591869,0.0910252812330241
2023-01-13 00:00:00+00:00,0.05804159041786093,0.08981222585276603,0.09273286301701426,0.09167536992790018,0.08668381458356492,0.08743335606526693,0.08260291278233652,0.07544195127118333,0.08254089014728686,0.07715926292021916,0.08427069338835812,0.0916050696262429
2023-01-14 00:00:00+00:00,0.05600354491291376,0.09496974329610998,0.09325866030107162,0.09301658488591646,0.0872691396428559,0.08642990591172067,0.08219085771827941,0.07089360515100626,0.08347632706451488,0.07425893137882848,0.08570137857200189,0.09253132116478076
2023-01-15 00:00:00+00:00,0.041658249862137786,0.09928083034966016,0.09687489272672174,0.09266828445305864,0.09064679969562262,0.09017980685152767,0.08275269436528643,0.073350397437693,0.08439017486186877,0.0631499494198644,0.08905570258485832,0.09599221739170045
2023-01-16 00:00:00+00:00,0.041174904640129184,0.09976113432860045,0.09672793796056126,0.09233615167400219,0.09050439902510772,0.08993207491747005,0.08323414643804929,0.07327155789320551,0.08480529233754577,0.0619740847775741,0.08908981527314408,0.09718850073461038
2023-01-17 00:00:00+00:00,0.041013154118909136,0.09957773197639018,0.09645452367093603,0.09132971618352191,0.09006258937203131,0.08968899643729146,0.08305229905640032,0.07241361940221862,0.0833062728548147,0.06162837161340947,0.094648923832689,0.09682380148138782
2023-01-18 00:00:00+00:00,0.040929704204951914,0.09972684480200573,0.09712069301776742,0.09105924992198365,0.09017346315352022,0.08946919303429317,0.082789273998349,0.07233445096368354,0.08304113090572507,0.061747258046294475,0.09464122842595862,0.09696750952546697
2023-01-19 00:00:00+00:00,0.04123552347052337,0.10206361863250905,0.09784612141192466,0.09034217331034715,0.09229349727455795,0.08855580670512243,0.0809930803557203,0.07027977715156138,0.08322007647908367,0.06132632468062676,0.09471012375484002,0.0971338767731832
2023-01-20 00:00:00+00:00,0.04020204534755648,0.10176016731596615,0.09564056925856701,0.09419071234248147,0.08994396649851877,0.08674071128443829,0.07998476163975739,0.07071292655134234,0.08262332407995915,0.06089533545815378,0.09302813630928605,0.10427734391397322
2023-01-21 00:00:00+00:00,0.0390960354003498,0.10186103907594463,0.0997893442543097,0.09332669830935673,0.09229033680730965,0.08685170741592638,0.07909722660875615,0.07020015204766158,0.08137428411903255,0.05819832264626288,0.0921592250730628,0.10575562824202724
2023-01-22 00:00:00+00:00,0.03740821336692553,0.10070405139384885,0.09744493413861469,0.09116073079087969,0.08884751527708815,0.08659857227129687,0.07569852464993031,0.06932361064102324,0.08068978563956583,0.05616910200064721,0.10052778536867124,0.11542717446150845
2023-01-23 00:00:00+00:00,0.03778045369300866,0.10073453785731667,0.11632759387573118,0.09193013237495579,0.08834931027359778,0.08683259597915734,0.07617915301834366,0.03977208474261661,0.08067283153773615,0.0538154121116095,0.11039385580998191,0.11721203872594464
2023-01-24 00:00:00+00:00,0.03820240250237601,0.09715471194933863,0.11742217280376148,0.09008114627591388,0.08922109672932377,0.08760729117109145,0.07614376913364995,0.04010519378393863,0.08156105503292359,0.053834853856274435,0.11012014133352603,0.11854616542788225
2023-01-25 00:00:00+00:00,0.03831817268754021,0.09685584621021909,0.11837125165644814,0.08790574911844186,0.09053791766263347,0.08648803924838655,0.07539329278484462,0.03980908891297713,0.08169428237712058,0.053497999865689795,0.11626401140229913,0.1148643480733994
2023-01-26 00:00:00+00:00,0.038245053032917815,0.0969593464926946,0.11853242134833906,0.08786505620931515,0.09088138065791984,0.08616229050143409,0.07464812125801665,0.03987842327468909,0.08103483586388524,0.05247135354341001,0.11783767547716303,0.11548404234021538
2023-01-27 00:00:00+00:00,0.038862183689901485,0.09824011478344671,0.1204999866205675,0.08931390210026054,0.09293250568857843,0.08754449845217878,0.07575012169901264,0.04054935637434812,0.07193634304546617,0.04857186644033369,0.1196635401910364,0.11613558091486947
2023-01-28 00:00:00+00:00,0.03928264761737797,0.09918709932620466,0.12303177201192689,0.09034439207282542,0.09425756703099439,0.08798084514635711,0.06404186636941742,0.04079049313709249,0.07220918489140005,0.05046047736500017,0.12044183714699985,0.11797181788440352
2023-01-29 00:00:00+00:00,0.03915762181816605,0.101269266035146,0.12293010666238896,0.09014684237580918,0.09480209342827634,0.08725278521457787,0.06351541852060699,0.04076168135262501,0.07216776692298117,0.05004066321558149,0.12138315576104886,0.11657259869279195
2023-01-30 00:00:00+00:00,0.039057777270064716,0.10140553352874965,0.12051731730785362,0.09053654849973052,0.09570195930082419,0.08736819894228631,0.06573860508221725,0.04063052440182488,0.07275280732852206,0.04943355199179718,0.11862641036316093,0.11823076598296842
2023-01-31 00:00:00+00:00,0.039552609470106595,0.10140424546890647,0.12203337628388208,0.08874641886566927,0.09913883025160918,0.08562502403435429,0.06619698128827375,0.04058188402241693,0.07240265649755227,0.0506913078794585,0.119559241383761,0.11406742455400952
2023-02-01 00:00:00+00:00,0.040011137557648735,0.10161875730620837,0.12284199728233272,0.09103233475568917,0.09275709027791329,0.08564304474923054,0.0673524127280906,0.04109927147675843,0.07334694092040642,0.04995392289945699,0.119029696153309,0.11531339389295572
2023-02-02 00:00:00+00:00,0.04044778573093777,0.10258835957069533,0.12390948241329028,0.09165977574701066,0.09369589483689086,0.08700730891016006,0.06717569813738535,0.041536186774568246,0.07307398108961102,0.05054286495201101,0.1134262027111668,0.1149364591262725
2023-02-03 00:00:00+00:00,0.04052238879995837,0.10269626988805201,0.12341761292094308,0.09183591080128724,0.09337252462559766,0.08718252445222735,0.06737918866462886,0.04161839272160854,0.07332316644166183,0.05040312475142085,0.11309661499111165,0.1151522809415025
2023-02-04 00:00:00+00:00,0.04069206528865306,0.10289108765232752,0.12251997677246484,0.08887991114630688,0.09360919982142567,0.08745113171271614,0.06782476731869137,0.04217060548593359,0.07307169988515916,0.05053149389959865,0.11566792921141374,0.1146901318053095
2023-02-05 00:00:00+00:00,0.04071043867970223,0.10310403225552836,0.12257024689578556,0.08850957116615364,0.0932583102740154,0.08740334728551481,0.0677782921289635,0.04222620335931421,0.07320772138320553,0.05052341715748711,0.11545501881087904,0.11525340060345066
2023-02-06 00:00:00+00:00,0.04083278631984605,0.10255584184413927,0.12320198260188749,0.0879669885755837,0.09325279341863128,0.08728851593836841,0.06725864371416237,0.042295385004648904,0.07287182168293421,0.05005036558787586,0.11776537988270844,0.11465949542921418
2023-02-07 00:00:00+00:00,0.04069068961254531,0.10228414078272359,0.12532148252722114,0.08923297419086355,0.09236624835967293,0.08700922377129115,0.06695038471244602,0.04217895039906051,0.07337282266358704,0.04895280629766285,0.11797673788584001,0.11366353879708586
2023-02-08 00:00:00+00:00,0.04129406250964209,0.10360534206050696,0.12596721195979776,0.08864500011629238,0.09304708388629684,0.08742886719663884,0.06689607282883628,0.04218724667386085,0.0728206000031291,0.04836432178469182,0.11650544843621753,0.11323874254408961
2023-02-09 00:00:00+00:00,0.04149141842464328,0.10410731918082088,0.12614335008269012,0.08827553900799914,0.09286087565483336,0.08773288268646068,0.06674399669213982,0.04240843504750492,0.07300987997329546,0.04696358972462469,0.11654066119223194,0.1137220523327558
2023-02-10 00:00:00+00:00,0.043138853243010415,0.10804475715583922,0.12261027713104566,0.08799683093189249,0.09383638299828528,0.08643825304080528,0.06611102104510574,0.04334273751850677,0.07423920893090759,0.04621459197695298,0.11245466204628556,0.11557242398136305
2023-02-11 00:00:00+00:00,0.043001380792240945,0.1080723289916188,0.12284301896962181,0.08780035186617127,0.09494711426899373,0.0860548758587755,0.06588510327277082,0.04323828697012437,0.07401265846838528,0.045974640742707476,0.11315812746204824,0.11501211233654175
2023-02-12 00:00:00+00:00,0.043080154803658635,0.10793373915175823,0.12254622943539638,0.08805880999623257,0.09483364354009792,0.08650246073772672,0.0662276478019762,0.0431738670216469,0.07383642516099675,0.04570660866334837,0.11292299612948395,0.11517741755767738
2023-02-13 00:00:00+00:00,0.0430419007444466,0.11059202062209894,0.12224436881037781,0.08772898208978505,0.09444877736452549,0.08616782897881832,0.06587029421029972,0.04300755953573949,0.07409501364717094,0.04509666732969216,0.11306937937616655,0.114637207290879
2023-02-14 00:00:00+00:00,0.043024206514656556,0.110544029230315,0.12110229485232853,0.08764102255023558,0.09455830575833844,0.08560226898236867,0.06627582334345315,0.0430129387719595,0.07336361579923897,0.04530474849671625,0.11394740259301986,0.11562334310736946
2023-02-15 00:00:00+00:00,0.040771009995877204,0.11052130609923998,0.1374793923053016,0.09130555058795092,0.09462965306783902,0.09034908148008834,0.06291800045950319,0.04080562853975376,0.07063607228557595,0.042646717996857805,0.10656182567459163,0.11137576150742068
2023-02-16 00:00:00+00:00,0.04137143160775962,0.11195520542739547,0.1429905212301304,0.09262688298859176,0.09668773884733337,0.07930401565280833,0.0637618745453049,0.0414407635166908,0.07156835291528194,0.042954340359053274,0.10196406477155825,0.11337480813809196
2023-02-17 00:00:00+00:00,0.042173152414610116,0.11455012956562965,0.14317383556084012,0.09286287630814552,0.09664351679075014,0.07180611944467759,0.06439348155698385,0.04213606634098386,0.07284074147196272,0.0432317815228097,0.10199643918838694,0.11419185983421976
2023-02-18 00:00:00+00:00,0.04218115118917034,0.12083666134876297,0.14747585490151793,0.082869188143748,0.10536240907550101,0.0717892149647295,0.06491185462918561,0.04215600828307109,0.0714673537847636,0.04315036393214316,0.10194737706423457,0.10585256268317199
2023-02-19 00:00:00+00:00,0.041521926680639316,0.12485379020768282,0.1490378834328944,0.08173465330306082,0.10528721462163511,0.07074186350299087,0.06666181713375745,0.04160971151334382,0.07211637640411031,0.04237195159082569,0.10080310087017033,0.10325971073888902
2023-02-20 00:00:00+00:00,0.041482119957743,0.1250941051102348,0.1497897536611533,0.08146104163366334,0.10514198047812465,0.07047144855406537,0.06709095569672519,0.04156421027563827,0.07201617834339459,0.042200930470782425,0.10049497071164668,0.10319230510682835
2023-02-21 00:00:00+00:00,0.04085930671584117,0.12436385994585372,0.14964759662848695,0.08146651067993789,0.10661959339043484,0.07050250212989163,0.06702436186885341,0.04164133538048336,0.07199400874604396,0.04219931351210699,0.10052014334450221,0.1031614676575638
2023-02-22 00:00:00+00:00,0.04012620348575302,0.12488103324662718,0.150447922545657,0.08094157667183537,0.10751204197092802,0.07068646762851138,0.06753517086344568,0.04191054909270548,0.0707722263418049,0.04251058752480366,0.10119708006518469,0.10147914056274342
2023-02-23 00:00:00+00:00,0.040059670189724866,0.12529679384666287,0.15082984864460827,0.08101006341541724,0.10774290432963787,0.07058635481090492,0.06694527721419508,0.041998906772244535,0.07092471855385905,0.042516516264492446,0.10047278836218285,0.10161615759607004
2023-02-24 00:00:00+00:00,0.04008030618028275,0.12597241589508637,0.15104389807679144,0.08098587430341887,0.10805212411596363,0.07055326043832595,0.0668279648211623,0.042026016328940485,0.07051933261704887,0.042496269986763396,0.10054022439306388,0.10090231284315208
2023-02-25 00:00:00+00:00,0.04048740000597621,0.12713862957022004,0.15241638115422307,0.07932474717718979,0.10729366614263013,0.07133220258638376,0.06757088013122875,0.04249963768865936,0.07003525748969476,0.042962722737433526,0.10059491700855566,0.0983435583078048
2023-02-26 00:00:00+00:00,0.04053501165922532,0.12707830123815778,0.1524962169047542,0.07930257379642539,0.1081420986687404,0.07144788772416301,0.06753946550927294,0.04245702267629421,0.06992388962742341,0.042874187896361424,0.10002451378402732,0.09817883051515455
2023-02-27 00:00:00+00:00,0.043358131888361816,0.12599130564491154,0.14844768309226003,0.07919747963556656,0.11105293466217447,0.07096469820091834,0.06715730672016482,0.043004892567167025,0.0692987842368131,0.04210947296054052,0.09919826385355147,0.10021904653757034
2023-02-28 00:00:00+00:00,0.04324947298607738,0.12945937019504464,0.1477626687390073,0.07881497556446669,0.11085524449029197,0.07096992650106561,0.06707871874935825,0.042945059274073334,0.06871108027251319,0.04196972080529108,0.09893636202255825,0.09924740040025226
2023-03-01 00:00:00+00:00,0.042937262263364265,0.12833156503279852,0.14643668538020296,0.07827538968693612,0.11714651354063955,0.06984173799604408,0.06623658642921114,0.04275463887799665,0.0681966147814063,0.041305639022618613,0.0982442025648445,0.10029316442393721
2023-03-02 00:00:00+00:00,0.042919470804277896,0.1288587606485467,0.14650041796878466,0.07836204405507148,0.12031306777939936,0.06932682400869192,0.06453758743316595,0.04273736998325319,0.06811446328590706,0.039721000150802425,0.0987858240142704,0.09982316986782903
2023-03-03 00:00:00+00:00,0.04311684791043429,0.1289391502118977,0.1469306388247431,0.07879496582063297,0.12059270315487741,0.06919224928113336,0.06460678574493964,0.0432500892178826,0.06845277554057151,0.039921128802703834,0.096879507104211,0.09932315838597242
2023-03-04 00:00:00+00:00,0.04322590457295282,0.14732691228795136,0.14510623869909364,0.07774886152821063,0.11554222597046869,0.06820006776011053,0.06248107114627958,0.04268232103338185,0.06831819357794518,0.0394197585661951,0.0930318930235643,0.09691655183384637
2023-03-05 00:00:00+00:00,0.04475007545886323,0.14788958244247086,0.14547832548624,0.07729334513388951,0.11458592153096159,0.06836521390070228,0.06257172737787636,0.04274866137941297,0.06750416476337051,0.039498337407254,0.09287503348935489,0.0964396116296038
2023-03-06 00:00:00+00:00,0.044575345225621954,0.14635826876081504,0.1490061365244673,0.07693343297300205,0.11448450316285125,0.06827985066109198,0.06247836997566905,0.042689223603414796,0.0672865430842679,0.039434067230434654,0.09262232978496979,0.09585192901339432
2023-03-07 00:00:00+00:00,0.044631118456303194,0.14799194841567365,0.14920404965903736,0.07693431039127449,0.11479807588157329,0.06834752719590052,0.062460965451606475,0.04283663454379507,0.06740381159635737,0.03945800748975699,0.09074975540129071,0.09518379551743085
2023-03-08 00:00:00+00:00,0.044700988108226807,0.14674099385053885,0.14950508374831167,0.07688715996998927,0.11503233654983301,0.06851682463491213,0.06262170619402894,0.0429216285197369,0.06736144377538106,0.03952198086497667,0.09056772098063526,0.09562213280342921
2023-03-09 00:00:00+00:00,0.04513332909869243,0.14673078069988935,0.1521635027553415,0.07588042007820742,0.11554194922361963,0.06973274355396408,0.06307563344288016,0.04348651019615283,0.06779310756846173,0.0400172804211005,0.08816036298528278,0.09228437997640777
2023-03-10 00:00:00+00:00,0.046189977243814864,0.15005008845994366,0.1545009020816471,0.07632110824277184,0.1140561051379558,0.07331072956113166,0.06455740229095802,0.04454445522002258,0.06969861432305269,0.04111941827077883,0.08092352720975175,0.08472767195817113
2023-03-11 00:00:00+00:00,0.046226939106802235,0.15130346542356116,0.15514365575490355,0.07525259445395145,0.11529860765778162,0.07494872947998099,0.06483014286027419,0.04467450079062726,0.06924525723647496,0.04137277358301889,0.07659521850432895,0.08510811514829471
2023-03-12 00:00:00+00:00,0.0462750270687224,0.1502672047986546,0.15544706044458614,0.07538356296701255,0.1161102150667681,0.07487718974363214,0.06487202629740743,0.04471290611114694,0.0693002011053553,0.041415502005062534,0.07629018152106104,0.08504892287059056
2023-03-13 00:00:00+00:00,0.04658087627212359,0.15296466081941743,0.1543738097773068,0.07524287500378625,0.1154505081865895,0.07476130075199047,0.06666838559524181,0.04543752468769355,0.0679471401778991,0.0409782357369017,0.07439608947557438,0.08519859351547554
2023-03-14 00:00:00+00:00,0.04771903224193384,0.1568014313833199,0.1378559289843943,0.07657705729024392,0.1173711220594418,0.07599872225579385,0.0684272090568982,0.04646037962376319,0.06908189778574769,0.04191073166771031,0.07508340424377848,0.08671308340697458
2023-03-15 00:00:00+00:00,0.04854081533216536,0.15755178565950947,0.13849195075462165,0.07577199963351111,0.11708121916328403,0.0765998410846902,0.0677408786820561,0.04729446803907437,0.06920153812982044,0.04102657786774894,0.07490965032147427,0.08578927533204399
2023-03-16 00:00:00+00:00,0.0630686423097523,0.1523155493289265,0.13843223094384638,0.07659253210953186,0.11242919232669744,0.07542753993064298,0.06630808554342359,0.046637973145867366,0.06920115244906468,0.04226013978435799,0.0725551201282319,0.08477184199965707
2023-03-17 00:00:00+00:00,0.063906403582994,0.15398641645514521,0.135868819611099,0.07644239877670801,0.11156153882454557,0.07569333063951703,0.06649000471604685,0.046761776144307377,0.06918588082031998,0.04248891981611917,0.07254682450403344,0.0850676861091644
2023-03-18 00:00:00+00:00,0.06419410261843356,0.15218311280563301,0.13725165992310062,0.0770715653060847,0.11232865218767572,0.07595742638545562,0.06581625514986317,0.04733335191089982,0.06951787082878878,0.042253247752189534,0.07281832044478756,0.08327443468708788
2023-03-19 00:00:00+00:00,0.06430390253166662,0.15193316171001206,0.1370973584788244,0.07735507018587003,0.11087550941530469,0.07610724253826343,0.06609140489205062,0.04750381009400547,0.06976745944164614,0.04237033096041291,0.07301692483692193,0.08357782491502154
2023-03-20 00:00:00+00:00,0.06523489832191126,0.15028896010814652,0.13824394171799123,0.07764294159420593,0.10957934023427167,0.07627530446597619,0.06657744438047962,0.04699669812238942,0.07002523860451897,0.042402329817600684,0.07320585191758837,0.08352705071492002
2023-03-21 00:00:00+00:00,0.06531576308835545,0.15281694358913767,0.13995522642885794,0.07764761868668273,0.10759031195260844,0.07643366318408944,0.06651999118618628,0.04695518795642271,0.06916795041363218,0.04232185536526066,0.07173896751672117,0.08353652063204546
2023-03-22 00:00:00+00:00,0.07480958465682609,0.1544291789989161,0.13954339183508585,0.07786331358281999,0.10196478680676987,0.07499662246801458,0.06619312335807691,0.046380275797073545,0.06846788009964411,0.042394587411832725,0.07039585491265864,0.08256140007228162
2023-03-23 00:00:00+00:00,0.07723943157545808,0.13454652531992417,0.14152647857136957,0.07989110497499628,0.10483571822161325,0.0768553367508119,0.0681331965243609,0.04747619981120525,0.07064242795226655,0.04355600858292332,0.07153672388139011,0.08376084783368065
2023-03-24 00:00:00+00:00,0.0756869941794106,0.1255897949486222,0.13784702233134255,0.07789916111865354,0.10291827093065851,0.07545039961712688,0.0668297405367227,0.07324571063908912,0.06894765905374552,0.043538902941860504,0.0699064662534991,0.08213987744926883
2023-03-25 00:00:00+00:00,0.07536913486679983,0.12997137403095127,0.13665991667798041,0.07895443599467376,0.10231940808853321,0.07493568994261557,0.06688151037175642,0.07238334952056402,0.06824711442102532,0.043375197767322536,0.06971935413582914,0.08118351418194852
2023-03-26 00:00:00+00:00,0.0760809734792508,0.12691789879961907,0.13585471296537724,0.07947599241315496,0.10275315802821576,0.07494953201718414,0.06709561670429981,0.07455835285437405,0.06813113046242103,0.04322420273765664,0.06945576896983302,0.08150266056861355
2023-03-27 00:00:00+00:00,0.07819448215819916,0.12665441686504536,0.13483553916512706,0.07918438297446365,0.1023061334553588,0.07489671244219488,0.06710202488928178,0.07514571593988852,0.06777000638612997,0.04347587528868077,0.06895479359447293,0.08147991684115712
2023-03-28 00:00:00+00:00,0.07881253117011906,0.11907255952046536,0.1279769341514872,0.07988874384179309,0.1031083334015502,0.07566184249448181,0.0677191780179422,0.07535872546465396,0.0735633872648002,0.046693960228631905,0.06955308048121,0.08259072396286503
2023-03-29 00:00:00+00:00,0.07838208954819197,0.11050965282274351,0.12779369482405867,0.07949348555160643,0.10288504025786434,0.07558174256532164,0.07819441700223244,0.07515205207654974,0.07334613731521215,0.04654564905920751,0.06927679047547186,0.08283924850153979
2023-03-30 00:00:00+00:00,0.07869638723231094,0.10748502841642714,0.12822790498084843,0.07996673483704002,0.10317955824878013,0.075955895279186,0.078827325065417,0.07528463703403833,0.0731708776546168,0.04674585458413463,0.06955102148847955,0.0829087751787213
2023-03-31 00:00:00+00:00,0.08173031430017463,0.10585972694997231,0.12939421810680715,0.07943724708893217,0.10253901055453725,0.07558128599853832,0.07799236254951358,0.07641937820045372,0.0724689976265059,0.047038675789994766,0.06948896576321782,0.08204981707135238
2023-04-01 00:00:00+00:00,0.08301113950372732,0.10641421941388028,0.12855824961011017,0.07921326036312741,0.1011448742009847,0.07507915452407468,0.07750159523938302,0.07994638556342193,0.07278335032046455,0.0461777886105747,0.06880052249824399,0.08136946015200719
2023-04-02 00:00:00+00:00,0.08214196904151537,0.10329364223186667,0.12812272783028236,0.07851662018340443,0.1085004996527831,0.07524202734396739,0.07670282535749619,0.07917797723300657,0.07220907585003535,0.04716525348480582,0.06832893664950147,0.08059844514133514
2023-04-03 00:00:00+00:00,0.08296183262637849,0.10239896509041872,0.12773260394990865,0.07822888221232514,0.10688383557183377,0.07456014888469664,0.07651663393617512,0.07977517079726733,0.07391256890889286,0.0474094642122101,0.06909818794685971,0.08052170586303352
2023-04-04 00:00:00+00:00,0.08380546161962574,0.10161578398288179,0.12939049759422783,0.07886234859866204,0.09941762348178149,0.07514216661636024,0.07722846502649716,0.08058430866020067,0.0745731492824751,0.04830307239551189,0.0697952368886754,0.08128188585310069
2023-04-05 00:00:00+00:00,0.083401024929491,0.10058301606768345,0.13055335696374865,0.08109620716702841,0.09902389653384358,0.07464709372367034,0.076560676445741,0.08031203242258637,0.075207997393536,0.04822692543060136,0.06929240496384562,0.08109536795822435
2023-04-06 00:00:00+00:00,0.08339261589466897,0.10048434217487956,0.1303052533601348,0.08118340722878957,0.09934922918772096,0.07462685827701303,0.07657077306097007,0.08028135900492987,0.07521289222494972,0.04821931528014224,0.06934086398647768,0.08103309031932361
2023-04-07 00:00:00+00:00,0.0837151198764847,0.10118454184667156,0.13024874475908357,0.08161619082808419,0.0951864194534828,0.07451332320742889,0.07726153897822194,0.08104011533852436,0.07578635927148537,0.04857295300356295,0.06938930747920023,0.08148538595776957
2023-04-08 00:00:00+00:00,0.08394244565692574,0.10081704465797588,0.130284089072915,0.08174183414972962,0.09465936606979702,0.0747602920886176,0.07676180653933613,0.08121361076265551,0.07580387939872049,0.04898890223986731,0.0694005381693868,0.08162619119407312
2023-04-09 00:00:00+00:00,0.08228615560249251,0.09865313058102407,0.1296702492316599,0.08306791150814016,0.09370455953265608,0.0740061309395734,0.07747475992036691,0.08522303060471624,0.07634296852379635,0.049980438635684854,0.06874960591858047,0.08084105900130895
2023-04-10 00:00:00+00:00,0.0820586249734407,0.09841117082005732,0.12943414139049939,0.08312739949839464,0.09330114642930078,0.07381204887853526,0.0776516722332873,0.0853009006421003,0.07661558172869849,0.051033307786782396,0.06865548910822507,0.08059851651067838
2023-04-11 00:00:00+00:00,0.07951032762570254,0.09489996904188172,0.1337645851491994,0.08374738553090126,0.09240509258326034,0.07319168881949353,0.07989485584712012,0.08780557907352936,0.07563106477846655,0.05222488449279057,0.06814704047559582,0.07877752658205892
2023-04-12 00:00:00+00:00,0.0708317745997489,0.09602349692811897,0.13502347233441536,0.08453424345407688,0.09349834814741614,0.0739038084456839,0.08057820389296115,0.0886882923832566,0.07651864365401743,0.051895624465700015,0.06895408526627908,0.07955000642832556
2023-04-13 00:00:00+00:00,0.06921436429083777,0.09604874255833103,0.13605621325694778,0.08502044503179372,0.09395190832132402,0.07424071960012471,0.08100201531557917,0.08623168080231065,0.0770801143850824,0.05303538946956754,0.06885644954417296,0.07926195742392814
2023-04-14 00:00:00+00:00,0.06849756983177357,0.09640067612599688,0.13654932181882123,0.08490290094791883,0.09247751609900072,0.07360381625759886,0.08093441668431417,0.0865407171839473,0.07750205263670312,0.05387165611903369,0.06930917042222898,0.07941018587266259
2023-04-15 00:00:00+00:00,0.06818583646679373,0.09587263138792469,0.13947923170591708,0.08462070780467057,0.0921522515263029,0.07353053248313834,0.0805410083846039,0.08626108150767234,0.07799569616917819,0.0538493485446926,0.06914847631251347,0.07836319770659228
2023-04-16 00:00:00+00:00,0.06718071969831436,0.096072043184303,0.1386123538560863,0.08428691570106152,0.09189995013680835,0.07298008652532148,0.08034460386487431,0.08603968831121513,0.0800501799543091,0.05569489009127462,0.06942022436821335,0.07741834430821845
2023-04-17 00:00:00+00:00,0.06333315726704027,0.0958088923274827,0.1329919282737133,0.0840863934582594,0.09118463648225758,0.08285620798226871,0.07846802262030958,0.08515275643204626,0.08174564598869664,0.05693192928803959,0.07057215935435278,0.07686827052553329
2023-04-18 00:00:00+00:00,0.06105281068074134,0.0939854903072812,0.13347878889646836,0.0829689574301209,0.09090871767365194,0.09402488326557007,0.07757059692359655,0.08406858528671651,0.08055616506742967,0.05635346453234351,0.06948744582912104,0.07554409410695881
2023-04-19 00:00:00+00:00,0.059726917238028567,0.09073765112230371,0.13023563923097756,0.09337729435690413,0.0881647222338396,0.09295808775327892,0.0753111170736108,0.08213013632376122,0.08811658390007669,0.055556886124361334,0.06765883727445936,0.07602612736839819
2023-04-20 00:00:00+00:00,0.06110632065940131,0.0858484609609517,0.12888769312530304,0.09190495727909578,0.08918422553473385,0.09430397348566903,0.07419928029066185,0.08143418886472402,0.09303380529144394,0.05643375457251402,0.0667552520421349,0.07690808789336658
2023-04-21 00:00:00+00:00,0.0613024482254173,0.08621809083737847,0.12952666873214153,0.09336873773145271,0.08818974127940206,0.09371012391176749,0.0741605455954559,0.08181771679180838,0.09083023738689232,0.056753663063657485,0.0671094098049664,0.07701261663965982
2023-04-22 00:00:00+00:00,0.0641909422442171,0.08681085354076165,0.12897036374780868,0.09350739733490188,0.08802501864205728,0.09311795639915603,0.07433516727380204,0.08166267658988116,0.0884693188623657,0.056854758295261924,0.06719925613573108,0.07685629093405545
2023-04-23 00:00:00+00:00,0.06730174568437118,0.08617036566109497,0.1271024564443343,0.09387610587521951,0.08741986558592625,0.09300952618453992,0.07383197225591534,0.08106282076472743,0.08995273727854082,0.0564718671986253,0.0667157928560004,0.07708474421070452
2023-04-24 00:00:00+00:00,0.06775585123652186,0.08619356595304035,0.12713156876903212,0.09379553941880849,0.08739494115547558,0.09325153906411149,0.0745678673273173,0.08084432826379052,0.08862852220113272,0.05637247911198396,0.06694069654881869,0.07712310094996702
2023-04-25 00:00:00+00:00,0.06770678109193888,0.08619603232448958,0.12701715952831136,0.09368996457965566,0.08739898093429033,0.09328734921010229,0.07465953237736997,0.08078276693940356,0.08848899280226585,0.05620802616987579,0.06689108452869355,0.0776733295136031
2023-04-26 00:00:00+00:00,0.06737556630592197,0.08599060448424586,0.12491865312756874,0.0967735863581721,0.0880755667928088,0.09313487478157711,0.07399954188645005,0.08036525445897431,0.08973480985129463,0.054039076221156467,0.06691331775984966,0.07867914797198038
2023-04-27 00:00:00+00:00,0.06714925537644126,0.08642568944076423,0.12493515992357239,0.09725045777001824,0.08692245338912594,0.09329193814790171,0.07283090946855847,0.08083008833638446,0.08995256864501654,0.05420785067289965,0.06725100684314123,0.07895262198617575
2023-04-28 00:00:00+00:00,0.06716197119168359,0.08610113786828032,0.12617307663030777,0.0967098968014403,0.08734102916404018,0.09345211740707358,0.07253984374776354,0.08099234963238972,0.08929169840341611,0.054319913000826954,0.06702604842318277,0.07889091772959503
2023-04-29 00:00:00+00:00,0.06676655795847662,0.08595472057712102,0.12544000260926813,0.0968497341303792,0.08732639902489296,0.09347460729584306,0.07259388242911027,0.08094852280529301,0.08965217015624334,0.054731885965751036,0.06698117808614695,0.07928033896147432
2023-04-30 00:00:00+00:00,0.0666355228221977,0.0854945563387247,0.12490276279678318,0.09614771538894434,0.08685706884403886,0.09537012936560331,0.07295109294776306,0.08102774157780952,0.08913316545243878,0.05615651292360106,0.06659408253272686,0.07872964900936856
2023-05-01 00:00:00+00:00,0.06629663866581385,0.08506048312318454,0.12408700557123425,0.09506850357198464,0.08630631732982462,0.09577192728266441,0.07442930969878592,0.08063928691666093,0.08825683430596824,0.058914237195732466,0.06619071127283992,0.07897874506530611
2023-05-02 00:00:00+00:00,0.06624456037841522,0.08509466312037049,0.12374601870447434,0.09435930164053348,0.086386532927465,0.09744583800171266,0.07476684894074584,0.07889217705557489,0.08785600557524244,0.05894815047561546,0.06684957734077751,0.07941032583907255
2023-05-03 00:00:00+00:00,0.0657475155394905,0.08434250327881888,0.12296601654326819,0.09376840857296616,0.08735178567189109,0.0976923654825001,0.07743446912987624,0.07851464334303705,0.08722677342226219,0.05880912348462391,0.06715673841957503,0.07898965711169063
2023-05-04 00:00:00+00:00,0.06605079535126679,0.08366954967226192,0.12233639526718543,0.09455048670894207,0.08728777445808618,0.09720398200211165,0.07736297467763524,0.07847495216680987,0.08917384124976911,0.058624258791322825,0.06687270116078284,0.078392288493826
2023-05-05 00:00:00+00:00,0.06630784183789716,0.08397019026365002,0.12256117450357662,0.09436264492877183,0.0873141346312656,0.09717604922461745,0.07719529279014373,0.07828701026013199,0.08885270925976946,0.05869304099486071,0.06700060658271488,0.0782793047226008
2023-05-06 00:00:00+00:00,0.06633055574992346,0.08354766136217627,0.12252220027987307,0.09432301769652737,0.08712944711343061,0.09762790336056065,0.07703185797031416,0.0781483120268014,0.08869652290640125,0.05853630689401115,0.0678279653407037,0.078278249299277
2023-05-07 00:00:00+00:00,0.06657674466392202,0.08403440675527193,0.12243520079088768,0.09533090229007192,0.08642593152648875,0.09754416840648063,0.07679186022113826,0.07777107057175402,0.08935185430533056,0.058408007319972255,0.0668926517557694,0.07843720139291238
2023-05-08 00:00:00+00:00,0.06705186451210302,0.08191938144759514,0.11874219253490889,0.10021792539006741,0.08473003989861878,0.09619190432384768,0.07686512390813878,0.07853937515876756,0.08988974628503192,0.05862534631719897,0.06696321317946988,0.08026388704425216
2023-05-09 00:00:00+00:00,0.06832331081200914,0.07805806712281761,0.11846935361001412,0.1018109278638753,0.08675017327558654,0.09680040968045937,0.07041918878419075,0.07889667373256944,0.08758744915636471,0.0509571134397356,0.07288087576152334,0.08904645676085403
2023-05-10 00:00:00+00:00,0.06801374741170618,0.07740597976482598,0.1172899544808443,0.10288935299235914,0.08608120983312172,0.09604712901871595,0.06982487327795386,0.07824362149331661,0.08771807242663636,0.050522146653252255,0.0781805691887082,0.08778334345855941
2023-05-11 00:00:00+00:00,0.06801069158793202,0.0775433897495124,0.11703708120868035,0.10152652639898045,0.08604332715989718,0.09692401135235708,0.06968620646365271,0.07835459924363249,0.08769596124640648,0.050453362447156876,0.07941189188601411,0.08731295125577786
2023-05-12 00:00:00+00:00,0.06831032988441142,0.07529265691658892,0.11364582281021056,0.10165822879354042,0.08472149392288829,0.09780822635659193,0.07002659478835371,0.07695737805342814,0.09256029204838555,0.0512034947903413,0.08244698783220115,0.08536849380305858
2023-05-13 00:00:00+00:00,0.06658407911953736,0.0733542475182732,0.12788415782976378,0.10042013424215117,0.0831741989751177,0.09633183821049189,0.0684811646345148,0.07598779133765964,0.09176155332330421,0.05036489270674134,0.08236091416712861,0.0832950279353163
2023-05-14 00:00:00+00:00,0.06670763090561498,0.07266084514973571,0.12620135433724863,0.10235970730617837,0.08254612983636067,0.09587906009796411,0.0690317327090187,0.07563249669069266,0.09102064725482516,0.05263969202122597,0.08202588496690501,0.08329481872422999
2023-05-15 00:00:00+00:00,0.06747315642026543,0.07093186462828663,0.12193247763113534,0.10204009697375872,0.08283602189439614,0.096183660426801,0.07124052948415711,0.07797632023063066,0.08934460066543765,0.053264372605882876,0.08446799223993627,0.08230890679931224
2023-05-16 00:00:00+00:00,0.06702631360027303,0.07048566593747495,0.12449413227524901,0.1026913334679954,0.08288919012038058,0.09544525286709762,0.070677138110526,0.0774833329894197,0.08986004534200054,0.05312490034117227,0.0841767545137875,0.0816459404346233
2023-05-17 00:00:00+00:00,0.06673921312219863,0.06742874698027555,0.12114478871659913,0.10336927513650518,0.08007639415941588,0.09594345060653132,0.07168521740092611,0.07886798601049153,0.09296515599960989,0.05477028177101816,0.08352863966695613,0.08348085042947255
2023-05-18 00:00:00+00:00,0.0672213441327987,0.0674150049023673,0.11867725698885756,0.1041741785516322,0.08166169159377876,0.09765315668714998,0.07158928028356931,0.0788567951339505,0.09230159017826076,0.055126383653329974,0.08134978417398522,0.08397353372031979
2023-05-19 00:00:00+00:00,0.06533104124852059,0.06705077511991346,0.11942112434390552,0.10392242887718124,0.08147843925508544,0.09828461320535072,0.07138314754178718,0.08485951026438303,0.09204936657462476,0.0550224981767141,0.07688393297028681,0.08431312242224706
2023-05-20 00:00:00+00:00,0.06466126437797687,0.06630294311027436,0.11812043225419229,0.10315620593405074,0.08250639525493922,0.09777875265679087,0.07074837699875158,0.08399232231855423,0.09470765253030931,0.054423269834286456,0.08029598588447442,0.08330639884539973
2023-05-21 00:00:00+00:00,0.06336395609451465,0.06564365300343969,0.11633330930955488,0.1021150530813188,0.08499120843371366,0.10323627199717025,0.06977510753839748,0.08311471810967888,0.09567373177718554,0.05352498734812713,0.08057142258390652,0.08165658072299248
2023-05-22 00:00:00+00:00,0.06093296347515084,0.070589651952307,0.11722549700579066,0.10135416389647087,0.08337285009255689,0.10240245572430974,0.06898966762689515,0.0836957072051647,0.09468239963110499,0.05255118003535457,0.08220997402132238,0.08199348933357226
2023-05-23 00:00:00+00:00,0.060627939177162776,0.07205907395132094,0.11835898983569039,0.10254276070493437,0.08365077410158897,0.09809622168140099,0.06873745032670123,0.08477507746814518,0.09535079313929713,0.052546116383852835,0.08219294992837017,0.08106185330153515
2023-05-24 00:00:00+00:00,0.05931178031310921,0.07276858861376818,0.11792004715051498,0.10196317553693104,0.083304620433279,0.09817580796011473,0.06829981594198115,0.08564258249840516,0.09634149966493057,0.05290225707264493,0.08170438853797211,0.08166543627634895
2023-05-25 00:00:00+00:00,0.05906565574326582,0.07451071275848217,0.11848754612722298,0.10194266802444861,0.08286621560946394,0.09834760586855462,0.068758832893468,0.08476134717173579,0.09640008581420305,0.0501407779022994,0.08231560845588043,0.0824029436309751
2023-05-26 00:00:00+00:00,0.059111230179172594,0.07457865290971974,0.11979296432387357,0.10239029485772969,0.08282407509096601,0.09783569453907873,0.06870899400572421,0.08374083050253901,0.09653116818391502,0.050116815649197594,0.08213004805745236,0.08223923170063153
2023-05-27 00:00:00+00:00,0.05790046007938039,0.07694969030447686,0.13182974541649495,0.10049276243394825,0.08119687072032827,0.09561765338542039,0.06737131499114302,0.083263868565627,0.09498906997370951,0.04903597167102804,0.080597347639313,0.08075524481913028
2023-05-28 00:00:00+00:00,0.05760726739985883,0.08206034014232268,0.13093718660416068,0.10052805642235232,0.0802705783949312,0.09504191904870048,0.06683991643526717,0.08249960959023755,0.0953300936252111,0.048770758678184895,0.07997417452167974,0.08014009913709338
2023-05-29 00:00:00+00:00,0.057481045174356545,0.08495484901122123,0.1295672132744111,0.10029907962021573,0.08011196135513225,0.09495370036694128,0.06650211753160176,0.08256108954649502,0.09766399249431754,0.048657152971581075,0.07680152854390519,0.08044627010982129
2023-05-30 00:00:00+00:00,0.057317738314733996,0.08474140728116243,0.1297157716965231,0.100591877435058,0.08011808527777822,0.09492511076675704,0.06610831344230901,0.08274976165378749,0.09768611911333606,0.04864324009980683,0.07680521325267184,0.08059736166607606
2023-05-31 00:00:00+00:00,0.05655518763845438,0.08221355111068336,0.1284650015251077,0.10209723783252952,0.079223389856357,0.09741662599651739,0.06605809439646264,0.0832188979187096,0.09925170407518945,0.04821327455835243,0.07556923842722207,0.08171779666441444
2023-06-01 00:00:00+00:00,0.05658727213372239,0.08516847390755687,0.12801426246313605,0.10194895910533108,0.0799505706956824,0.09711872756036476,0.06588820409706622,0.08299394662944713,0.09903483098109056,0.0476292776016213,0.07407271487863974,0.08159275994634148
2023-06-02 00:00:00+00:00,0.05645700410196396,0.0850764224120514,0.12798876321914426,0.10103611690247921,0.08074057880881942,0.0974288726390123,0.067450992719426,0.08279039630699915,0.09895147672498307,0.0476810180558632,0.07300354649950137,0.0813948116097566
2023-06-03 00:00:00+00:00,0.056167629862772454,0.0850412619047393,0.12781088444748628,0.1000991725725355,0.09100704949452465,0.09231047658476843,0.06707843064986087,0.08242097983445536,0.09779896151745435,0.04683167069431365,0.07254013884441536,0.08089334359267379
2023-06-04 00:00:00+00:00,0.0562422243392074,0.08517474844523873,0.1275474058174195,0.09926273147618647,0.09104640727850036,0.09233225461776919,0.06730442045287167,0.08251375955392302,0.09838425778047398,0.0468104815085977,0.07247346248212862,0.08090784624768345
2023-06-05 00:00:00+00:00,0.05629716415491526,0.08397820683526938,0.12722367247756344,0.09937617425912505,0.09192737839729977,0.09252228083216882,0.06734581984281829,0.08253545957653957,0.09847316827917359,0.04695820354914489,0.07227440956189334,0.0810880622340887
2023-06-06 00:00:00+00:00,0.059779785868723144,0.08837575614061206,0.07742978801051559,0.10735331881036016,0.09268728093991173,0.10106229463620571,0.07218091541145344,0.08739345939866107,0.1068595883900626,0.05041073432068579,0.07329809593885238,0.08316898213395647
2023-06-07 00:00:00+00:00,0.06036905166160881,0.08777360527113967,0.07736521400634475,0.1069812341051277,0.09229401811102357,0.10199993086672754,0.07113282587627598,0.08745215413755014,0.10791056906646675,0.05084848943476265,0.07415689484461752,0.08171601261835491
2023-06-08 00:00:00+00:00,0.0605129433730272,0.09096091606808397,0.07729144786972231,0.10896143621181206,0.09399992840276547,0.09354645748329955,0.07328054113054674,0.085980118277436,0.10372670518733383,0.052805341938977714,0.07668255460283684,0.0822516094541584
2023-06-09 00:00:00+00:00,0.060494865495532034,0.09078588268226981,0.0772153993163852,0.10897047612281424,0.09445205534410153,0.09361674615782435,0.07332864849795293,0.08637364898302852,0.10300805059132967,0.052913649196617986,0.07664770265537155,0.08219287495677229
2023-06-10 00:00:00+00:00,0.05933591092651515,0.09168503422046066,0.07810682003378389,0.11022302464152699,0.09546553861248212,0.09003966617248257,0.07417770647695389,0.08669059825252177,0.09917325531946852,0.05360796117603192,0.07832664639793262,0.08316783776983991
2023-06-11 00:00:00+00:00,0.06869102178127698,0.09566742136858257,0.0819600751347524,0.10761382434759653,0.09098312504409435,0.0950777564902932,0.06917327404482926,0.07851623640212227,0.09003610773221846,0.05749144103700532,0.08413144240697858,0.0806582742102502
2023-06-12 00:00:00+00:00,0.07031628863902435,0.09449896966883262,0.08148525293464523,0.10688264823613315,0.09045519129125203,0.09444084852299428,0.06874991133270002,0.08143246149703827,0.08856516318032354,0.0574826910036665,0.08433421111854852,0.08135636257484148
2023-06-13 00:00:00+00:00,0.07095561031596628,0.09394776375158496,0.08080322893583719,0.10701805804149006,0.09166870342754867,0.09667334760348091,0.06858437895906504,0.08078981910527583,0.08775990375464887,0.05703670821973435,0.08383564134195026,0.08092683654341742
2023-06-14 00:00:00+00:00,0.071066332429637,0.09417042861687418,0.07977236992381846,0.1066634756785949,0.09163062017164968,0.09766609628829451,0.0684607233590812,0.08061282720853367,0.08755996792645017,0.05669419531271985,0.08411859008893971,0.08158437299540681
2023-06-15 00:00:00+00:00,0.0725508084112057,0.08949248598298543,0.08022483041020018,0.1074463049183419,0.09199547348242483,0.09879627119181124,0.06867997529098618,0.08094266161442765,0.087807968995882,0.05707215687258881,0.08197011808070614,0.08302094474843996
2023-06-16 00:00:00+00:00,0.07855719526434106,0.0886949159840639,0.08061874235561389,0.10497808633756164,0.09126155690793451,0.09793389344470926,0.06947511817514349,0.08045810652284403,0.08668945710272757,0.05675420988795934,0.08204566271223,0.08253305530487133
2023-06-17 00:00:00+00:00,0.08017478716557572,0.0883260743295928,0.08056710748466027,0.1049258904515149,0.09083935567306677,0.09902322495730706,0.06923425268007856,0.0800251057092743,0.08675997691603413,0.056476054298438744,0.08150369159188935,0.08214447874256746
2023-06-18 00:00:00+00:00,0.07963308376058263,0.08927377417974476,0.07989935101118284,0.10530478522557077,0.0911161690168703,0.09898467579635087,0.0692514617275501,0.07937139119666733,0.08553941160839312,0.05620305782038724,0.0817313102569485,0.08369152839975166
2023-06-19 00:00:00+00:00,0.07851597598889735,0.09521632780684056,0.07638448165059607,0.11136945913910676,0.08884171421459353,0.09567904029644243,0.06888215542202425,0.08030849528155477,0.07954860052773456,0.055131566135264674,0.08549370805817132,0.0846284754787737
2023-06-20 00:00:00+00:00,0.07804592610145221,0.09455875934992922,0.07593709733759565,0.1105157262363255,0.09091703781199503,0.0970830365423331,0.0690130457594313,0.07934370840739088,0.08003740554816127,0.05481853985164262,0.08486813872119267,0.0848615783325505
2023-06-21 00:00:00+00:00,0.07791603081759287,0.09413751871413847,0.07599768667139947,0.10956605899607884,0.09133538815398047,0.0980066007397123,0.06969131255853366,0.07845128414641188,0.08128706622959422,0.05445581954664065,0.08367130521710103,0.08548392820881623
2023-06-22 00:00:00+00:00,0.07828532219676773,0.09563683916863436,0.07699296645796397,0.10927857930127442,0.09111511139244657,0.09728701920172235,0.07038937581405409,0.07857011291522804,0.08147586126915249,0.054556694187838824,0.08134549986162556,0.08506661823329145
2023-06-23 00:00:00+00:00,0.0778277478627882,0.0952011135946192,0.07682087044895204,0.10939245860890923,0.09074193317618744,0.09751604174283912,0.0704375581212407,0.07858845893267452,0.0825016885611335,0.05463582047554558,0.08114163191221058,0.08519467656290004
2023-06-24 00:00:00+00:00,0.07837673988981722,0.09624551395816007,0.07753259440327329,0.10708870257564627,0.09050276534239117,0.09825708342212905,0.07120068806968485,0.07792831080486881,0.083314707046558,0.05502766879015234,0.08193079644658596,0.08259442925073289
2023-06-25 00:00:00+00:00,0.07773567932221921,0.09584064550088252,0.07725699908713554,0.10720835167756748,0.09009561400723765,0.09778935630332462,0.07127433853621062,0.0760388264181598,0.08409722029633022,0.05855519591982929,0.08159331588837097,0.08251445704273214
2023-06-26 00:00:00+00:00,0.07887600257587278,0.09492148737457327,0.0767335823569995,0.10593869107391544,0.09218286057618223,0.09786962098566918,0.07344985234804519,0.07582789051865536,0.08314132421907024,0.05785976794992027,0.08109149714069924,0.08210742288039728
2023-06-27 00:00:00+00:00,0.07823020808613217,0.09487278223195603,0.0767526698615902,0.10650143952283267,0.09173093916833737,0.09722649882467645,0.07347077644366491,0.07609130231447359,0.08371746745066291,0.057864023223109885,0.08121844012849039,0.08232345274407349
2023-06-28 00:00:00+00:00,0.07885665462681352,0.09494610308556103,0.07717032814069753,0.1064787300726387,0.09131704242071959,0.09711080383574902,0.07346216973172157,0.07592517265300744,0.0833835129672868,0.057827550138168635,0.08115221475483647,0.08236971757279977
2023-06-29 00:00:00+00:00,0.07887392420447178,0.09522837237282031,0.07750166255524056,0.10779420939725547,0.09114568963782513,0.09432927940648822,0.07391433906277368,0.07618254204890357,0.08197881318192832,0.05845057438777052,0.08132236315534293,0.0832782305891796
2023-06-30 00:00:00+00:00,0.07359599046733878,0.0959330993299214,0.07791999190038566,0.10901332748706605,0.09168123346467376,0.09443962933935282,0.07395173587420563,0.07663717346501267,0.08236305168255056,0.0587411908281525,0.08193813832107143,0.0837854378402687
2023-07-01 00:00:00+00:00,0.07443450125475726,0.09690360791201938,0.07834632619150803,0.11121072518410097,0.0906842859984261,0.0914914194942056,0.07432320738990636,0.07832361051961763,0.08011400719495722,0.059148052135135624,0.08053037475346772,0.08448988197189806
2023-07-02 00:00:00+00:00,0.0743912722957008,0.09686033556344709,0.07760311970656775,0.11122145548736782,0.09056520175370014,0.09157449354303125,0.074386885353671,0.0783053362560611,0.08024637187545004,0.05912186387473624,0.08086137707060471,0.08486228721966199
2023-07-03 00:00:00+00:00,0.07413731564336212,0.09642721404809916,0.07735829819779688,0.11175209763552534,0.09070477189381076,0.09190853699219592,0.07441481001630029,0.07872662297922141,0.08065627216661568,0.06006766557695864,0.07767455410469787,0.08617184074541609
2023-07-04 00:00:00+00:00,0.07424760884323929,0.09670007934875142,0.07742911645312446,0.11229425750043273,0.0908081268305449,0.09201012096245514,0.07456222968306833,0.07899889798797508,0.08053000251616128,0.060100856726121185,0.0757466413448084,0.08657206180331783
2023-07-05 00:00:00+00:00,0.07397286554400985,0.09700306924064621,0.07710538005982473,0.1127606753486904,0.09075270516032513,0.09168232997490802,0.07476464117614182,0.07883091625690158,0.08042021045765428,0.0603258171212449,0.07499473131227515,0.0873866583473778
2023-07-06 00:00:00+00:00,0.07395823294147452,0.0969041944413924,0.07709987753858358,0.11086453041859944,0.09132750709869891,0.09157243243414147,0.07509031286259649,0.07960627603767272,0.08036475888494314,0.06005193142881928,0.07744543837767388,0.085714507535404
2023-07-07 00:00:00+00:00,0.07446819596213043,0.0967680737004028,0.0773135566562826,0.11083238660898065,0.09158187576497943,0.09199453760311281,0.0754522847306178,0.08005275245249696,0.0807240420821533,0.06054488099926528,0.074706053680938,0.08556135975864
2023-07-08 00:00:00+00:00,0.06730013937126304,0.10223466698893109,0.07280499159553595,0.11212302928080616,0.08753103803605024,0.08670828215458257,0.0817705155973098,0.07731244870873176,0.07844403952784525,0.07675591932218431,0.07208966145731058,0.08492526795944941
2023-07-09 00:00:00+00:00,0.0671280222945282,0.10206854822807063,0.07264173119362362,0.1127220670093148,0.08741576591377485,0.0865761118684832,0.08146327299413028,0.07727744062009347,0.07866385750849894,0.07676591881038526,0.07213499761601445,0.08514226594308243
2023-07-10 00:00:00+00:00,0.0665225711360844,0.1012523282724427,0.07240168906062663,0.11559535469223854,0.08684239250593691,0.08627049925074984,0.08205443664033263,0.0767860367460188,0.07814799964541302,0.07714874777203463,0.07136003578002596,0.08561790849809595
2023-07-11 00:00:00+00:00,0.06632087350058725,0.10117683458896747,0.0718841764280639,0.11771583623612455,0.08649011662920254,0.08656806559819363,0.08251581493445638,0.0769124789888627,0.07653089295762401,0.0772330933161327,0.07060691578489584,0.08604490103688907
2023-07-12 00:00:00+00:00,0.06598203314007084,0.10134427587669131,0.07173312749751402,0.11708636421337561,0.08630229728105117,0.08723882262544592,0.08246211206247626,0.0767372370148496,0.07658237180700704,0.07709500506646629,0.07048354389007373,0.08695280952497819
2023-07-13 00:00:00+00:00,0.06610896914261048,0.10195804641064812,0.07182071112098376,0.115111828825226,0.08660729035300256,0.08779999331506963,0.08286992023792036,0.07691224168099436,0.07510146363718483,0.07758226133999353,0.0706909794368791,0.08743629449948732
2023-07-14 00:00:00+00:00,0.061855486938953805,0.09116143846529001,0.08148355088680487,0.10211908472320498,0.09880510267498092,0.07410943204318692,0.09534498682279378,0.08506927135138168,0.08025043580934688,0.08860498111224166,0.07948484029411078,0.06171138887770358
2023-07-15 00:00:00+00:00,0.06384817509848811,0.08301896261473264,0.08195239371029064,0.10321708641825161,0.09946992017254107,0.07457673547622261,0.09868858455507908,0.08711870681889089,0.08189484815784816,0.08423702305390877,0.07920523076272325,0.0627723331610232
2023-07-16 00:00:00+00:00,0.06372653203567982,0.08359448905635394,0.08200175469676489,0.10329306814092958,0.09807975399959741,0.0746028615820821,0.09904068993022727,0.0871278910944516,0.08196747115302923,0.08414853366564957,0.0796247900457392,0.0627921645994953
2023-07-17 00:00:00+00:00,0.06419759983934958,0.08213253175099397,0.0829726428466711,0.1029272554892126,0.097756075116692,0.07410807813948157,0.09945695310979825,0.08719839533349974,0.0821099772512828,0.08305785170217188,0.08206305425288098,0.06201958516796548
2023-07-18 00:00:00+00:00,0.06463996421515762,0.08222301023575525,0.08255257156182319,0.10253126830886093,0.09775201657788121,0.07373841411375563,0.09982306431463103,0.08746143195248786,0.08176909117613163,0.08265964667337639,0.08519429381879992,0.059655227051339445
2023-07-19 00:00:00+00:00,0.06426864953892701,0.08043724663052784,0.08318672328356605,0.10274961368192119,0.098071828835365,0.0743078329867891,0.0985416795806303,0.08814127405178772,0.08147738546033409,0.08304957498063949,0.08607871800329343,0.05968947296621857
2023-07-20 00:00:00+00:00,0.06427171940634044,0.07861831638525021,0.08334769009547904,0.10307489298321222,0.09801705509071827,0.07413343106419819,0.09875160805466217,0.08842427130939344,0.08173758117921874,0.0833004143463779,0.08644660685455237,0.05987641323059695
2023-07-21 00:00:00+00:00,0.06527509646863584,0.0787547561628107,0.0838336356348397,0.10326651262844526,0.09921209283364694,0.07470882607055923,0.09974426549545459,0.08991409624368507,0.08221303373378876,0.08452049691028943,0.08710281100885041,0.05145437680899401
2023-07-22 00:00:00+00:00,0.06529380575541058,0.07840311289184254,0.08393987947268232,0.10282227499571359,0.0977451060710138,0.075906221227135,0.1001229315338906,0.09028322118656294,0.08235506379737675,0.08452465815513033,0.08706316249001432,0.05154056242322725
2023-07-23 00:00:00+00:00,0.06604600456236155,0.07757642683333825,0.08457648484950193,0.10226127754164695,0.09658478043901658,0.07622139856016132,0.09954935166834335,0.09095709407609044,0.0822348788275012,0.08481505796780966,0.08755732373014369,0.05161992094408494
2023-07-24 00:00:00+00:00,0.06559487341432922,0.07636477494327122,0.08333860832855992,0.10125932785137395,0.0958637198562411,0.07503439951625854,0.09818870204787677,0.09054559010486969,0.08125187655169164,0.09545621274760172,0.0862344507526404,0.05086746388528573
2023-07-25 00:00:00+00:00,0.0650561505168643,0.07609249014847323,0.08414316365340511,0.10086742002079684,0.0956170627353408,0.07513685357265466,0.09919610190268274,0.09027353303587139,0.08061430105357872,0.09474610275931813,0.08716559850539794,0.05109122209561617
2023-07-26 00:00:00+00:00,0.0659485492593321,0.07700440381858553,0.08535862931932622,0.10223786859061956,0.08719462400936459,0.07622540237489416,0.10043027214472561,0.09146399355558363,0.08244423041296152,0.091513757822684,0.0884513330439174,0.0517269356480055
2023-07-27 00:00:00+00:00,0.06443610297601082,0.07743272559742488,0.08587826148768296,0.10313715451075983,0.08627754831917242,0.07683150389868747,0.10129388895354757,0.09243852111034098,0.08296321757580268,0.08838936180892581,0.08909636329225204,0.05182535046939266
2023-07-28 00:00:00+00:00,0.06411810385418312,0.07732653740558322,0.0853704053393216,0.1030252090164749,0.08584758988336334,0.0764671452565864,0.1011976522996454,0.09213686725606178,0.08222167488331733,0.08875076757139276,0.09207122187242851,0.051466825361641606
2023-07-29 00:00:00+00:00,0.06420015329411975,0.07754967194908363,0.08522864112420933,0.10293596994541732,0.08574496491234235,0.0764431564396503,0.10178610398352551,0.09197779685332802,0.08211090363698911,0.08880846719364192,0.09196919512665873,0.05124497554103399
2023-07-30 00:00:00+00:00,0.06460122358838614,0.0784985739971307,0.08505456412134867,0.10274055592529065,0.08463514166380655,0.07631964592169053,0.10160369056637797,0.09184290951961513,0.08215733389941914,0.08874429428936915,0.09263340331087155,0.0511686631966938
2023-07-31 00:00:00+00:00,0.06399555438811536,0.07842127188463016,0.08496495508238022,0.10258127146608462,0.08393129483557282,0.07647441737231259,0.10194713031289827,0.09062887932789238,0.08214210011062147,0.09051733000478823,0.09348551563714344,0.050910279577560474
2023-08-01 00:00:00+00:00,0.06389936335248213,0.07838846641992125,0.08477320749139648,0.10300551870186143,0.0837718621886327,0.07609550544206785,0.10160599872635735,0.09057426392470065,0.08200535347245297,0.08998795612266322,0.09503502436322883,0.05085747979423502
2023-08-02 00:00:00+00:00,0.06378734347121261,0.07889481253853631,0.08456630441259425,0.10290921935024998,0.08363552466176666,0.07706395159161963,0.10162759781944734,0.09016216480756556,0.08183352952909352,0.08981383651695038,0.09504409815218914,0.05066161714877479
2023-08-03 00:00:00+00:00,0.06382762470921521,0.07912334386104583,0.08382890165782289,0.10382262602862752,0.08213453328145617,0.07721430162811467,0.10196409547118461,0.09063391914593319,0.08223040943141428,0.09014837903927926,0.09447011723135836,0.05060174851454795
2023-08-04 00:00:00+00:00,0.06393989309497843,0.0802199671469482,0.08403427714989091,0.10386857453218296,0.08222740536940858,0.07713982434236591,0.10220967781225489,0.09081533512308974,0.08246151614664761,0.09002110862384169,0.09250780250517715,0.050554618153213965
2023-08-05 00:00:00+00:00,0.061002244085988706,0.07583616927294552,0.1201404624833393,0.09743542206129789,0.08435594882460347,0.07205514504461336,0.09708040431200202,0.08633637120503337,0.07694145552189546,0.08858129810703082,0.09250986851192296,0.047725210569327076
2023-08-06 00:00:00+00:00,0.06029357914028534,0.07621001189889502,0.12116502891731598,0.09711404344795074,0.08443783819662488,0.07118650318746518,0.10283820328073676,0.08449557585132177,0.0758712656516679,0.08773051337891433,0.09113236173383228,0.047525075314989874
2023-08-07 00:00:00+00:00,0.060208771920001916,0.07390315970069379,0.13041493270246288,0.09556583626381213,0.08288485386888422,0.07290679375462547,0.1008629690904992,0.08615437225979064,0.07648446482278928,0.08566157306056274,0.08858702833664457,0.046365244219233104
2023-08-08 00:00:00+00:00,0.06030261948085299,0.07414863171297864,0.13058395603514172,0.09552348687697558,0.08291162531350788,0.07295353215256806,0.100257135337989,0.08621278637773268,0.0767424804940843,0.08532718333955626,0.08861787646634396,0.046418686412268866
2023-08-09 00:00:00+00:00,0.06163747187432607,0.0743669440996152,0.1296063025096325,0.09456908913843977,0.08241127634506612,0.07526279557678126,0.09933971866616023,0.08544665729732638,0.07855287504018917,0.08493073348338881,0.08781387111791564,0.04606226485115896
2023-08-10 00:00:00+00:00,0.05426431668315484,0.06418400994008501,0.12382231662547805,0.08913732104324887,0.07958150485491094,0.0650213263602276,0.1484431262715357,0.10057445360450691,0.08014883257597112,0.07908032085240854,0.07525181575878752,0.040490655429684934
2023-08-11 00:00:00+00:00,0.054135843173668416,0.06484944031868341,0.12427559066363884,0.08887832104635117,0.07943954256303445,0.06491035156183245,0.14804454585996749,0.10055694826196024,0.08060555612178723,0.07894365198470323,0.07492437250788397,0.040435835936489355
2023-08-12 00:00:00+00:00,0.05415526164919247,0.06491187334282661,0.12493544707169217,0.08878550062084099,0.07937672075192667,0.06485216395351326,0.1479076594255916,0.10044002207106635,0.08051067639507632,0.07885112065351836,0.07491821592646801,0.04035533813828724
2023-08-13 00:00:00+00:00,0.053792496416223926,0.0644998849586472,0.12821782142673915,0.08854716108819967,0.07884368188592746,0.06451156405749743,0.1480503502376322,0.09988552531391527,0.08008496059458067,0.07888847209089962,0.0745098430793231,0.04016823885041429
2023-08-14 00:00:00+00:00,0.05267151238884741,0.06631072710409643,0.12796212976094096,0.08714123598447429,0.07774603063962986,0.06391820130530786,0.14998975650561827,0.10027046809267859,0.07972174483847054,0.07792209381987758,0.07677892078542509,0.03956717877463334
2023-08-15 00:00:00+00:00,0.05243736218734356,0.06621386706093063,0.12797011887246587,0.08890804379281277,0.07777022671992895,0.0637943230567985,0.14868079159136421,0.09972959518232422,0.08069760729537924,0.07768366376671869,0.0768073370549601,0.039307063418973116
2023-08-16 00:00:00+00:00,0.057049373682006424,0.0718101354144429,0.1372983566279441,0.09411123343863505,0.0844166042043723,0.06789755001275576,0.11649885420866941,0.09089345113121558,0.07722601921698108,0.08143666984177814,0.0787033532300354,0.042658398991163894
2023-08-17 00:00:00+00:00,0.059414779762703866,0.0722293759298069,0.14166213881038367,0.09723096249837593,0.08083777252013986,0.07057975875539055,0.11798603704467027,0.08263917178264549,0.07932075782107254,0.07433206128591541,0.07925291500121733,0.044514268787678196
2023-08-18 00:00:00+00:00,0.0668073055443854,0.05753381671619231,0.14391720477935174,0.10620724082480415,0.07523488625944606,0.07701491094213896,0.12395482091483472,0.07842139825891191,0.07412813760387132,0.0669203615537497,0.08005102105963291,0.049808895542680746
2023-08-19 00:00:00+00:00,0.06736437820710303,0.057698237532518556,0.14412082197329015,0.10617037871739056,0.07418951020490086,0.07670753999182724,0.12379439459140924,0.07855395309966216,0.07446019333965434,0.0667675376718543,0.08022321729272103,0.049949837377668366
2023-08-20 00:00:00+00:00,0.06708761920795535,0.057444000097799854,0.14409086178555855,0.10647117408430032,0.07389268209477436,0.07640319498976236,0.12445391700759677,0.07873465725776917,0.0743397517022167,0.06635692217653547,0.08090576787018922,0.049819451725541905
2023-08-21 00:00:00+00:00,0.06683838487480714,0.056859125428987266,0.14278415420420434,0.10666697578743449,0.0737987542621619,0.07657576264789562,0.12395364454350283,0.07877981104010336,0.0744517174129994,0.06657822364305467,0.08308604337305292,0.04962740278179603
2023-08-22 00:00:00+00:00,0.06726482081144007,0.05711395719758977,0.14324813892052757,0.1066078504156601,0.07410326363660988,0.07661494448020191,0.12115445036509617,0.07930209764375956,0.0743892488171675,0.06677574651302423,0.08359498188083372,0.049830499318089576
2023-08-23 00:00:00+00:00,0.06685397618706647,0.056766291137731496,0.1426453496613854,0.10912643184752513,0.07430518894754781,0.07627858247707352,0.11999066732081663,0.08004599494285508,0.0741969271885435,0.06673088971494161,0.08277769697825096,0.05028200359626236
2023-08-24 00:00:00+00:00,0.06579700185576973,0.056753887787281215,0.14340931630245196,0.10889537356386472,0.07401867868298737,0.07572037213957267,0.12012403187748352,0.08180293397460225,0.07433616742133886,0.06641945738936755,0.08276807376526811,0.049954705240012186
2023-08-25 00:00:00+00:00,0.06562929479379848,0.05673692882908935,0.1434340001659251,0.10893862776753194,0.07407998732927401,0.07582985451921558,0.11980244551932037,0.08179359497181087,0.07448756126997884,0.06661521090783656,0.08287799494696434,0.04977449897925457
2023-08-26 00:00:00+00:00,0.06555959499824092,0.05660663201389991,0.14345328816465724,0.1084923113929388,0.0741562577373971,0.07599596790823253,0.12044260635301826,0.08168356291660962,0.07454285849027048,0.06665503933234809,0.08273472046709394,0.04967716022529318
2023-08-27 00:00:00+00:00,0.06567926800284846,0.05658349318373634,0.14301644610893477,0.10846124589333296,0.07433323919135666,0.07618944885356156,0.12038605101786273,0.08181006041902011,0.0747154270171023,0.0664355477487056,0.08272449981588204,0.049665272747656614
2023-08-28 00:00:00+00:00,0.06519033589335713,0.056249047534276356,0.14461594724337504,0.10764539375460991,0.07421496572806384,0.07711718715445141,0.11973080251135979,0.08158965858711394,0.07564900374864314,0.06589981439504765,0.08276993291759022,0.04932791053211183
2023-08-29 00:00:00+00:00,0.0687047693898839,0.055890163586515704,0.1437672466721393,0.10686128761433464,0.07376235284512588,0.07695076318016057,0.12044260842849779,0.081142978906328,0.07532603202539508,0.06567261907170724,0.08243145140894169,0.049047726870970115
2023-08-30 00:00:00+00:00,0.06782146029924267,0.05556923187076959,0.1418962183997579,0.10667913323735542,0.07225827385269036,0.0792426707823485,0.12127159710321941,0.08169058842641863,0.07625866104688624,0.06491097257983981,0.08373660190300443,0.04866459049846697
2023-08-31 00:00:00+00:00,0.0676774166342307,0.05546789341975192,0.14400322723215034,0.10660374630912417,0.07198868100717953,0.07918168580427933,0.12084489292099813,0.08149381451557826,0.07591000435010373,0.06478672005147461,0.08345324197033348,0.04858867578479571
2023-09-01 00:00:00+00:00,0.06739635592496468,0.05602904735243979,0.14163597284187662,0.10433259138350527,0.0720888083376184,0.07928361195039159,0.12048635566333002,0.08213162613906064,0.07606903851564151,0.0651801313345652,0.08630229644892055,0.0490641641076857
2023-09-02 00:00:00+00:00,0.06723293555453588,0.05527661268574284,0.14072020139706132,0.10432015568395152,0.07193462644641789,0.07920014111308145,0.12037458166715334,0.08166455763911766,0.0762815499131064,0.06496321296099027,0.08909277674227291,0.04893864819656835
2023-09-03 00:00:00+00:00,0.06710302982240345,0.05519761596657812,0.14081131289519377,0.10446455410393683,0.07182460871824867,0.07905956153848986,0.12024133819886175,0.08169691906217474,0.07616880081830069,0.06492999196931999,0.08957640731517322,0.048925859591318926
2023-09-04 00:00:00+00:00,0.06689162855944411,0.054853400020413834,0.1408298707293145,0.10546726477393034,0.07175325213770553,0.07880822383478908,0.11986594598507953,0.08160179799307012,0.07595857445717297,0.06534220950476675,0.08960634869478942,0.04902148330952373
2023-09-05 00:00:00+00:00,0.06632288422002838,0.05449705014918236,0.14126525339558033,0.10511582138689636,0.07120304074044831,0.07810017208633416,0.11884447531437457,0.0808753372714404,0.07514149569301676,0.06483180945388022,0.09507825641930019,0.048724403869518
2023-09-06 00:00:00+00:00,0.06746525091423192,0.05436286998934335,0.1411144767485042,0.10491130698515673,0.07091868472838087,0.07796570318762783,0.11872337754228138,0.08060235756949631,0.07493058990526179,0.06466189402613849,0.09584341598141309,0.04850007242216412
2023-09-07 00:00:00+00:00,0.06717368058636003,0.05434314426049332,0.14109713831142945,0.10484443944360775,0.07091532186076563,0.07795602624233432,0.11906345693719576,0.08061789627472726,0.07490670926475652,0.06486853430162724,0.09587049487366618,0.0483431576430364
2023-09-08 00:00:00+00:00,0.06728189491192989,0.05428064226242308,0.1413509409269593,0.10474412249200497,0.0708143626659987,0.07784336426997644,0.11856085866385652,0.08044415522918226,0.07480638130576768,0.06482277524724703,0.0968081997927527,0.04824230223190142
2023-09-09 00:00:00+00:00,0.0669391324859054,0.054124917310606015,0.14362119296524103,0.10421628322802112,0.07057435878865441,0.07747153747702001,0.11803636787295048,0.08011132256638631,0.07570579834264189,0.06455517524871014,0.09654491435002882,0.04809899936383438
2023-09-10 00:00:00+00:00,0.06732373357567914,0.054052576306252306,0.14406955171150287,0.10421590308218877,0.07048502482020116,0.07737761713129698,0.11794647642930663,0.08003557221568666,0.07566895432356177,0.06445996881143662,0.09634037082021797,0.04802425077266909
2023-09-11 00:00:00+00:00,0.0657744206810447,0.05414288413543889,0.14543771645949896,0.10564878872213225,0.06977526105211568,0.07748506260688631,0.116443652083554,0.07996605955548797,0.07672088712418637,0.06421056649548067,0.09630637043608387,0.048088330648090406
2023-09-12 00:00:00+00:00,0.0766327395629221,0.0525010838420234,0.13849751921260234,0.11536621730150569,0.06234326628547751,0.10432426479947507,0.1041910724555975,0.07353321698652131,0.07054891260949146,0.05657826685717084,0.08954132960480708,0.05594211048240584
2023-09-13 00:00:00+00:00,0.07141285523217332,0.054758031795545475,0.1453153996237091,0.11623194821583943,0.060198341485012595,0.10818811716163328,0.09995298924649149,0.0713334478270924,0.06757640071445704,0.057656088066626886,0.09386040645136366,0.05351597418005535
2023-09-14 00:00:00+00:00,0.07197484775160747,0.05492161162055687,0.146105404391834,0.11360420871664673,0.06081625549046556,0.10830323860337848,0.10036210630199406,0.07152535244381486,0.06770733295887431,0.0575683860870881,0.09346158014664865,0.053649675487090924
2023-09-15 00:00:00+00:00,0.07134567939457759,0.05513372421338009,0.14648210816380422,0.11443762147215115,0.06091591814197465,0.10946309766997617,0.10255746715166661,0.067347893033644,0.06779486622408427,0.05753078638648145,0.09301112074809509,0.05397971740016463
2023-09-16 00:00:00+00:00,0.07157867798974717,0.05499497615527329,0.14633168108127262,0.11368471386610654,0.06085026276900936,0.10957394494684877,0.10251896394368987,0.06743756029405439,0.06761924743184713,0.057524052050830395,0.09123522514100704,0.05665069433031335
2023-09-17 00:00:00+00:00,0.07249829480882863,0.055352954958994414,0.14474716667752627,0.11398005980167196,0.06045047013508967,0.10855825365609577,0.10606955842195477,0.0666850773822126,0.06788602171841919,0.05685983031027958,0.09033175654439672,0.05658055558453044
2023-09-18 00:00:00+00:00,0.07297900049906071,0.05622097539772915,0.14526868199916235,0.11294808111543003,0.060450291170934596,0.11046723067063877,0.10554525021311298,0.06553554105958469,0.06763060334472351,0.05642393667605837,0.09001499962827482,0.05651540822529009
2023-09-19 00:00:00+00:00,0.07055781936835345,0.054644136965998534,0.14117855437046173,0.10996752287043476,0.05847331726115423,0.10696519542075585,0.10260246742508049,0.06342508291553334,0.06548145714921491,0.05474205553464958,0.0861396354285235,0.08582275528983967
2023-09-20 00:00:00+00:00,0.07078811319643992,0.05517982066459147,0.141879143803016,0.11100606819639025,0.058920860066319185,0.10734297005997787,0.10284475371467974,0.06365208360913709,0.0654517410466785,0.054806139395377367,0.08655046402949534,0.08157784221789725
2023-09-21 00:00:00+00:00,0.07115079826587377,0.055572060046830435,0.14054878067468593,0.1132896004780125,0.0586535797700629,0.10632804843345603,0.10512828434325204,0.06309892911474088,0.06533768857244036,0.05416678331673353,0.08544064248779233,0.08128480449611915
2023-09-22 00:00:00+00:00,0.07162211683358431,0.055886941276113884,0.1406572654523713,0.11318453274549464,0.05901959949672988,0.10658199358967535,0.10580821419758378,0.06332880721389084,0.06580437342902166,0.05441252593161128,0.08573920320323775,0.07795442663068536
2023-09-23 00:00:00+00:00,0.07317742589843042,0.05591488524315735,0.13819852612027445,0.11591339504614538,0.058346043768210086,0.109298540717487,0.1037149597646786,0.06370032260694751,0.06633424432964721,0.05377813329947164,0.08429954851044812,0.0773239746951023
2023-09-24 00:00:00+00:00,0.07253638204198927,0.05546098053275162,0.1370826611738122,0.11507162704770305,0.06337868967460221,0.10847361061679678,0.10390539357392367,0.0631571062636134,0.06578843179496051,0.054826105154674926,0.08366797479753275,0.07665103732763968
2023-09-25 00:00:00+00:00,0.07840912300445048,0.05475983826207293,0.1354402255368449,0.11354513666061432,0.06398170513183954,0.1067367154744095,0.10263480016097272,0.0620825520517297,0.06501560788570779,0.056288547337423535,0.08322284291327223,0.07788290558066231
2023-09-26 00:00:00+00:00,0.07862104226884715,0.05478112601723644,0.1380000626335576,0.1132005364762823,0.06414778694138948,0.10634184329757687,0.10242438221621815,0.06185586301927324,0.06513937294236394,0.056268517709985214,0.0832665158625392,0.07595295061473026
2023-09-27 00:00:00+00:00,0.07855300491846737,0.05482519478717207,0.13709029835479286,0.11321289945420016,0.06421355027582727,0.10644138467649746,0.10248353048449065,0.0619593267256768,0.06523055700725602,0.05626262697700957,0.08335657350656113,0.07637105283204859
2023-09-28 00:00:00+00:00,0.07911225877268102,0.05511960766989201,0.13374715888211297,0.11361032893773157,0.06557791778022412,0.10726588609249203,0.10205354782591572,0.06237251793731778,0.06564282724674743,0.0564884969676639,0.0837391372471106,0.07527031464011066
2023-09-29 00:00:00+00:00,0.08015706672102024,0.0550219350376899,0.13292888074446066,0.11330154675727613,0.06585391471081303,0.10604242633503999,0.10149629033570319,0.06318555428216446,0.06483389374822998,0.05644767818040855,0.08477722995158207,0.07595358319561177
2023-09-30 00:00:00+00:00,0.07972573441036938,0.05436377425219304,0.13319719898256926,0.11406335154984096,0.06585499567582019,0.10641272854927385,0.10158160335831615,0.06325405640372372,0.0648031860722275,0.0563036264623257,0.08472730959318198,0.07571243469015826
2023-10-01 00:00:00+00:00,0.07363387604932789,0.05437726232216065,0.13341517218858046,0.1155865740436604,0.06593292057162808,0.10953117967370866,0.1017241266157373,0.06332088735333029,0.06472050208099556,0.05778366686737562,0.08498474583481637,0.07498908639867886
2023-10-02 00:00:00+00:00,0.05891604448905738,0.055490346404774044,0.14415566942089347,0.11654536456308287,0.06879887014353435,0.10368565144032317,0.10286892956641182,0.06418853221402036,0.06338138907649583,0.058774415285343544,0.0857331743653233,0.07746161303074002
2023-10-03 00:00:00+00:00,0.05956375544347075,0.05642328068031407,0.1451692027394291,0.11853827000536203,0.06989186937143406,0.10106626953725704,0.10024088572724779,0.06496740488927527,0.0626917367840966,0.059345894158476346,0.08798819089770438,0.07411323976593263
2023-10-04 00:00:00+00:00,0.05957516943508782,0.05650293040678647,0.1453328586017509,0.11859234658553275,0.06990026654362712,0.10123822665920368,0.09999553590418095,0.06497600445404574,0.062479529687334785,0.0593611953514141,0.08796710002236367,0.07407883634867203
2023-10-05 00:00:00+00:00,0.05931007470903419,0.056480050852642925,0.14538771714202134,0.11851237353982413,0.0705781131000512,0.10120110826552536,0.0998661089150963,0.06622312914489059,0.06240923059669947,0.05947526673413996,0.08752486175753679,0.07303196524253788
2023-10-06 00:00:00+00:00,0.05916305858942781,0.0563506773212415,0.14472245876453088,0.11895512000468185,0.07098398369207655,0.10146345013341826,0.10061380987771903,0.06624168344252293,0.06184246620453207,0.05948502373243704,0.0876066930400472,0.072571575197365
2023-10-07 00:00:00+00:00,0.059228467184148356,0.05673402788491831,0.14487939648019565,0.11904259310015848,0.07145946871024698,0.10183376856791836,0.09813862108681215,0.06636394580478511,0.061742921430853456,0.05990726146212419,0.08810174185235985,0.07256778643547909
2023-10-08 00:00:00+00:00,0.05906026702333218,0.056616341858044775,0.14452276110241405,0.12037212924847711,0.07142193734370743,0.10149191596941766,0.09653371219133045,0.06732902265359608,0.06210967269119228,0.05992345750214742,0.08837846535147613,0.07224031706486446
2023-10-09 00:00:00+00:00,0.05916633322910599,0.05671124910376717,0.14490337599309222,0.12059644187835003,0.07158141144512176,0.10157867885834507,0.09487466716051615,0.06747324425855897,0.06218708531530432,0.06005605670672699,0.08858948597522998,0.07228197007588145
2023-10-10 00:00:00+00:00,0.05895500789933209,0.05680041828253266,0.1433475596159945,0.12247756696002206,0.07008404095168283,0.102894712589398,0.09285247169571471,0.06861015040527665,0.062445699245371085,0.060823602021755074,0.08937684278011458,0.07133192755280562
2023-10-11 00:00:00+00:00,0.05935372192783709,0.057094097712085436,0.14098274332648097,0.11995795482784065,0.07051878785117735,0.10379511973633197,0.09338812615966623,0.06902897471820173,0.06295942136249971,0.061328747505340855,0.08957066009005481,0.07202164478248313
2023-10-12 00:00:00+00:00,0.059707321744575624,0.057162933097208046,0.14125286197016665,0.11713847424661726,0.07086046615273453,0.10428691281425415,0.09381487926553586,0.06941250393121148,0.06328412418030009,0.06163038975443532,0.08908631773176483,0.0723628151111961
2023-10-13 00:00:00+00:00,0.05997371028306023,0.05714333177152149,0.14169816018326542,0.11483862519139854,0.07129442183649067,0.10467388214145806,0.0939325253312705,0.06950416465051551,0.06336241680471968,0.06174625285933078,0.08964120783134473,0.07219130111562443
2023-10-14 00:00:00+00:00,0.06029867376546587,0.05709753523614003,0.14196191933771948,0.11155518441361686,0.07140334310297772,0.10509337194583876,0.09475003122167533,0.0696651263222146,0.06337219645392553,0.06152001456529272,0.08980247354974989,0.07348013008538326
2023-10-15 00:00:00+00:00,0.057830885023302026,0.054647980248786254,0.1370369703891805,0.10949635309389036,0.06795097736444661,0.10546533392691503,0.10865242954438205,0.07098477240798601,0.06550228480869075,0.05968556621765377,0.09237969720139842,0.07036674977336814
2023-10-16 00:00:00+00:00,0.056045541742906824,0.05379526123359629,0.13353275551909097,0.10725752918068655,0.07053407402968649,0.10329259462074035,0.10768767692753588,0.07716736699230466,0.06424081365117071,0.06377258270951094,0.09448298724353532,0.06819081614923493
2023-10-17 00:00:00+00:00,0.04231033368410734,0.08526276015790733,0.12517688293031018,0.08868219047567127,0.079970226246409,0.09237652143470819,0.09068982752621238,0.08722628643332604,0.06667610288288878,0.0804627745016513,0.10456526348527301,0.05660083024153515
2023-10-18 00:00:00+00:00,0.04212942986568103,0.08463655633839447,0.12495596883789345,0.08760965821741122,0.0836784000435249,0.09436641594134307,0.09119132021220538,0.08738262936496649,0.06647474840285637,0.07726014368232165,0.10407466763294633,0.05624006146045562
2023-10-19 00:00:00+00:00,0.042325215376632044,0.08539377598230191,0.12545817402271653,0.08794883545183627,0.08405110088876992,0.09495826182335548,0.0908935102974652,0.08699257784553695,0.06637635673125546,0.07890838168792977,0.1002556493335507,0.0564381605586499
2023-10-20 00:00:00+00:00,0.042429857249528816,0.07853974314026073,0.12730081243492927,0.08930939339779036,0.08529054965292067,0.09280937333872494,0.09129332619884666,0.08832063299687873,0.06723348499199788,0.08001921641813398,0.10014935959271495,0.05730425058727301
2023-10-21 00:00:00+00:00,0.0406220571133973,0.07866255393216605,0.13138514013496855,0.08856771878083296,0.08559750276546775,0.09380576669676506,0.09425637652764539,0.08627896338112419,0.06664837922214939,0.07868165643145403,0.09841473464962554,0.05707915036440387
2023-10-22 00:00:00+00:00,0.04064465465316265,0.08134021657670241,0.1357749032775655,0.0848267958382323,0.08788892313155296,0.0977929822153759,0.09759890117846276,0.08819273199874596,0.06740809939700959,0.07019652978380587,0.10396632453380707,0.044368937415577084
2023-10-23 00:00:00+00:00,0.041671534824583314,0.08190259947857269,0.138669607362803,0.08475722560235403,0.08924442569436648,0.10115934416852863,0.09653678688888008,0.08889174469068747,0.06379357096786945,0.06879052080999577,0.10460109028917597,0.03998154922218305
2023-10-24 00:00:00+00:00,0.04317624206220777,0.08558542732456179,0.1318850446437446,0.09065732729320206,0.08550163864729554,0.09667552376719245,0.10105052747186655,0.08465370252466851,0.06728163196731293,0.06285674536331273,0.10734225251629555,0.043333936418339596
2023-10-25 00:00:00+00:00,0.04274882757279108,0.08600342073167007,0.13165388808048856,0.08842487287715305,0.08602196485832632,0.09806810084305909,0.10097286406927497,0.083669856827403,0.06755890918366403,0.06288692789090758,0.10836350909120689,0.04362685797405535
2023-10-26 00:00:00+00:00,0.04198310990561208,0.08645894542115848,0.1317027096773523,0.08780154170118624,0.0853201944453203,0.09854551639810065,0.1005183316810162,0.08411151054426168,0.0678677328365371,0.06374511747500577,0.10896124933253386,0.042984040581915316
2023-10-27 00:00:00+00:00,0.042782579318386936,0.08761475585049563,0.13365280092494974,0.08861969227291516,0.08223827253633942,0.0988339271133126,0.09575084498783988,0.08320551227196908,0.06887610875904468,0.06447884167818148,0.11042934524609536,0.04351731904046999
2023-10-28 00:00:00+00:00,0.04310167239627895,0.08836450760232399,0.1356983473463617,0.08916803370083366,0.0786363683118614,0.10103855912593047,0.09316807686896313,0.08249736324302752,0.06872083826567586,0.06529311498408087,0.11017000055368034,0.044143117600982176
2023-10-29 00:00:00+00:00,0.04323061424943152,0.08890718101382286,0.14140821646085622,0.08859125048429096,0.08304239998604997,0.10037271471501752,0.09034827951902635,0.0745886938572327,0.06953536646076498,0.06541731646456493,0.11057399270900294,0.04398397407993901
2023-10-30 00:00:00+00:00,0.043797451453041245,0.08948669390380296,0.14457540151912865,0.08836182712366712,0.08491009381428057,0.10141184687109846,0.08955755655011469,0.06612488616924278,0.0703414218186175,0.06427748403596378,0.11247862011636228,0.044676716624680035
2023-10-31 00:00:00+00:00,0.04278924792736976,0.0858793765412007,0.14919612439760818,0.08691947595135521,0.08563099301634237,0.10101005725772753,0.08949826131402239,0.06500940228624243,0.06990477243168743,0.06346058370359314,0.11674713185465725,0.04395457331819356
2023-11-01 00:00:00+00:00,0.0414746998281732,0.08851262440929066,0.15077972841004958,0.08697733619459079,0.08527614446578767,0.0981709266060426,0.08958977725747434,0.06350331117364927,0.06987606910540346,0.06376712372013807,0.11783653905086645,0.04423571977853389
2023-11-02 00:00:00+00:00,0.0420436314318156,0.09080306621873134,0.1546616883509374,0.08330727966310689,0.08777175408054426,0.09562205898999522,0.08188794076668705,0.06533690475341246,0.06953805504961276,0.06266880354092413,0.12085029042283534,0.04550852673139754
2023-11-03 00:00:00+00:00,0.04237866970779229,0.09356259844945983,0.15401923413562973,0.08358964931037678,0.08841334666426849,0.09185383530031324,0.08148464465787147,0.06596978777756966,0.07018643645522957,0.06083133246380458,0.12247916491199115,0.04523130016569337
2023-11-04 00:00:00+00:00,0.04227889709494715,0.09375328619660073,0.15386834710874442,0.08367984399326445,0.08856141694624,0.09160730265168661,0.08120492067108852,0.06611388049982524,0.07036155776412575,0.060837663650695935,0.12271642042347021,0.04501646299931115
2023-11-05 00:00:00+00:00,0.04237994510994206,0.09464450553747625,0.14767077398926495,0.0841952662107506,0.08944543321302163,0.09251444770097139,0.08205474863883994,0.06625100757168291,0.0710751956615853,0.06106909409391233,0.12310554723195258,0.04559403504060004
2023-11-06 00:00:00+00:00,0.043063076627261616,0.0875428973237165,0.1453583998287993,0.08592072401814799,0.09034450064228443,0.09177720479122455,0.08393351253747869,0.06747929102415226,0.07244217893721572,0.06145438601399778,0.12448998468372902,0.046193843571992105
2023-11-07 00:00:00+00:00,0.045548512587655826,0.0835598737421801,0.14034390745848915,0.08816629579672866,0.08705838070239356,0.09132989120821979,0.08465636302698308,0.06962336093126648,0.0731422436137677,0.06417322171500217,0.12420769832903152,0.04819025088828198
2023-11-08 00:00:00+00:00,0.046278036331970626,0.08234221606885557,0.13549755804720628,0.08943395067631503,0.08598002220832024,0.09078206703343535,0.08529740726256996,0.0702023317434767,0.07441844893603286,0.06478460829175936,0.1260209947184724,0.04896235868158577
2023-11-09 00:00:00+00:00,0.04667062858291632,0.08306360290120922,0.13670107123394468,0.08972846563125149,0.08597838163353749,0.09127987837816788,0.08591264465009993,0.07043239780220116,0.07224987656539485,0.06528386060410747,0.1270994854848257,0.045599706532343874
2023-11-10 00:00:00+00:00,0.04713934387074173,0.08220349452242418,0.1356356985597649,0.09045765214083284,0.08771827297667495,0.0908066226334174,0.08727567652927978,0.0707577760411077,0.06871972856097064,0.06505120815828011,0.12865488723440577,0.0455796387721
2023-11-11 00:00:00+00:00,0.03945954299285693,0.0857737442994833,0.14249631196333487,0.09612572484451969,0.08953793696105677,0.0903684548051397,0.0717279805883275,0.07177609097001329,0.0731091145867779,0.0600539335955922,0.13344276747292355,0.04612839691997414
2023-11-12 00:00:00+00:00,0.04060418823177837,0.08725456505585681,0.1472178895194711,0.09415592886070244,0.09065752660321359,0.09195914652133512,0.06275992415810171,0.07241723177477703,0.07343096878525356,0.060069215602557145,0.13213720195349213,0.04733621293346101
2023-11-13 00:00:00+00:00,0.04128464082737691,0.08848051806738254,0.1480616158728877,0.0962660595215486,0.0918451321057395,0.09342687956067486,0.057803357932720026,0.07346850977844753,0.06670249275789412,0.05970565814500033,0.135197643807002,0.04775749162332586
2023-11-14 00:00:00+00:00,0.041886811459481976,0.09230561232808729,0.14992958656517652,0.09376741477208148,0.09281485082693446,0.08983886330419294,0.05266531113887011,0.08026216183584318,0.06943665761602233,0.05940702602684366,0.13039780653603844,0.047287897590427445
2023-11-15 00:00:00+00:00,0.041413929365496774,0.08838018788834685,0.1509062854886242,0.0932733358661288,0.09216324794540891,0.09032460435656613,0.05236803480543518,0.08063337731463414,0.06940169979699196,0.059817091180917895,0.13399534190211493,0.04732286408933427
2023-11-16 00:00:00+00:00,0.04145816974349154,0.09177325911558355,0.14648775352868354,0.09220921603096141,0.0934081800444708,0.09127914878621778,0.046718089118543464,0.08230246249728242,0.0727764441729436,0.061204653681651795,0.131484278132628,0.04889834514754215
2023-11-17 00:00:00+00:00,0.04071961173879838,0.09085001575679584,0.1416831780576585,0.09313522196832906,0.09443568850679653,0.09314285222513699,0.04789925313499801,0.08524463722754769,0.07074760378365355,0.062159747689624144,0.13100271132298794,0.04897947858767324
2023-11-18 00:00:00+00:00,0.04125410498719705,0.09186479622828042,0.14258089252575662,0.0930999484204113,0.08763981036572997,0.09384089252803543,0.048189200381601294,0.08592582496728672,0.07108449483407532,0.06223092752717257,0.13284051984610534,0.04944858738834796
2023-11-19 00:00:00+00:00,0.04157976711072241,0.09267625388070924,0.143455432012675,0.09376274413026983,0.0838064075903146,0.09412441129415053,0.048526009184584225,0.08471124786895125,0.07185298878293848,0.06183739977577202,0.13350367394801638,0.05016366442089605
2023-11-20 00:00:00+00:00,0.04169749955110616,0.09271184943269814,0.14367655916969096,0.09336731590059838,0.08466793445586344,0.0941889501506498,0.048537616851468415,0.08410341088354342,0.0719263461820189,0.06189146531016694,0.13386281129091862,0.04936824082127687
2023-11-21 00:00:00+00:00,0.0412270927678954,0.09327123078250098,0.14266908084813934,0.09374075648320643,0.0843682744545488,0.09529319655684712,0.04744848127067542,0.08463307689335388,0.07105837597524887,0.06077679906436972,0.13508643377660842,0.05042720112660569
2023-11-22 00:00:00+00:00,0.04282433814196682,0.0988210214232552,0.12450814008609391,0.09186405735357465,0.0846621469068136,0.09615308060956408,0.04910936328766948,0.08333798709945421,0.07114074436736892,0.06179346128504878,0.1435237264527728,0.05226193298641747
2023-11-23 00:00:00+00:00,0.04252868498209869,0.0999517220979883,0.12591422538425415,0.09047253309091445,0.08441361506975775,0.09343913737472553,0.04875865710331323,0.08386156059004343,0.07130798015229868,0.06199375296037517,0.144950153079009,0.052407978115221444
2023-11-24 00:00:00+00:00,0.04239810660928796,0.09988070907896866,0.12591941209311366,0.09037320042983778,0.0844432922286268,0.09330235992276693,0.04869133753069202,0.08420955715981779,0.07128262083726922,0.061964372328940025,0.14496421823477526,0.05257081354590392
2023-11-25 00:00:00+00:00,0.04234882452174809,0.10004192983268943,0.12586338142029938,0.09016198351086256,0.08399683403257235,0.09335817142710182,0.048674760728555755,0.08456101113708249,0.07124147914898159,0.061943494484413726,0.14503667300107137,0.05277145675462157
2023-11-26 00:00:00+00:00,0.04243210927737309,0.10028513024008369,0.12655105954417323,0.09025446013866434,0.08417000132960485,0.09337027506313766,0.048813649626611263,0.08294917306154499,0.07137506095573698,0.06153047061136714,0.14521960539606357,0.053049004755639326
2023-11-27 00:00:00+00:00,0.04239626203606792,0.10042658089587642,0.12833433550325593,0.09038446593586488,0.08418602214466564,0.09291597886614218,0.048855055369510514,0.08109521138424489,0.07136210913180151,0.06140689782534336,0.1454515514223758,0.05318552948485101
2023-11-28 00:00:00+00:00,0.04229842309221882,0.10066190160110668,0.12899606498765478,0.08946986955967817,0.0846349163288812,0.0927439033065215,0.04871445238468899,0.08127983050245086,0.0719570950469496,0.060921112842304156,0.14546325292995144,0.05285917741759364
2023-11-29 00:00:00+00:00,0.042162037430981944,0.10297722102532647,0.12863779811631285,0.0891861856380136,0.08450170533136316,0.09295983253052822,0.0486142481110529,0.08098470937685467,0.07184695641264206,0.06087712678164986,0.14451024302620644,0.052741936219067705
2023-11-30 00:00:00+00:00,0.04251255900660765,0.10327505593715285,0.1288206694726673,0.08916241938975367,0.08460348352708905,0.09274457675969493,0.04870099708469283,0.07968586169050916,0.07209140784272976,0.06057436593468326,0.14494459380427474,0.052884009550144946
2023-12-01 00:00:00+00:00,0.04397475346459207,0.10239575945940739,0.1277132442786275,0.08817932697130702,0.08333214180263918,0.0941742050615687,0.04826987828564138,0.07874119025558941,0.07305055058492568,0.060036942405585166,0.14765494557340025,0.052477061856716196
2023-12-02 00:00:00+00:00,0.04374687646303838,0.10167591037903935,0.1271552003698317,0.08745390524763876,0.0827922054494803,0.09557880284496859,0.04818634346493034,0.07825182906707612,0.07372142228029378,0.059758013495026026,0.14848609615954372,0.053193394779133
2023-12-03 00:00:00+00:00,0.043709721843325354,0.10254163592016133,0.1275832584211653,0.08758570366664313,0.08267986319831674,0.09422243988916972,0.04837456637800903,0.07827528753750496,0.07413388178889319,0.05985831586399673,0.14815793375669045,0.0528773917361241
2023-12-04 00:00:00+00:00,0.04375301973705989,0.10251115957755859,0.127541936945694,0.08751341606192317,0.08256095079643247,0.09375522979338173,0.0483150936493448,0.07821245553169605,0.07416875266255796,0.05969316211100313,0.1491975425653609,0.052777280567987424
2023-12-05 00:00:00+00:00,0.043817505048638065,0.10296849057891662,0.1278270513263026,0.08756396291869405,0.07993906941400115,0.09363488505954236,0.048404801585139816,0.07844118772861464,0.07482467226705118,0.05990031006684138,0.14952762054818175,0.053150443458076374
2023-12-06 00:00:00+00:00,0.04392173237027769,0.1032159185021775,0.1285954519634316,0.08660203874644494,0.08012547840286914,0.09248097584732723,0.04816834676835952,0.07842304510348998,0.07553650652062405,0.06014362650321382,0.14948163965764866,0.053305239614135906
2023-12-07 00:00:00+00:00,0.04407972520562449,0.10349554900024528,0.12892369199850245,0.08656899699552012,0.0803896093538124,0.09269720265120461,0.048176004372517824,0.07845227368236615,0.07568996005707374,0.06030863529446567,0.14794616000345862,0.05327219138520871
2023-12-08 00:00:00+00:00,0.043688140061096725,0.10391686603277955,0.1292990270155478,0.0863354060126975,0.0806777789762757,0.09286618292974405,0.048549058723541316,0.07737835190132017,0.07589594421774921,0.060513792987409255,0.14741588173988115,0.05346356940195748
2023-12-09 00:00:00+00:00,0.04513824056327974,0.10932300857372511,0.13526264367160812,0.08411704069371466,0.08388864893617037,0.0741034383142082,0.0482765328044101,0.0795725688597039,0.07844909887445355,0.06181952936328697,0.14421667130489071,0.05583257804054846
2023-12-10 00:00:00+00:00,0.04512696493832166,0.10960858479372193,0.13699009356551545,0.08443507102656,0.08351399124176957,0.07356948482801359,0.04853536182286598,0.07998437964789237,0.07835657038155365,0.060948364842787324,0.1433414705990751,0.05558966231192346
2023-12-11 00:00:00+00:00,0.04516817341976291,0.11056198120056529,0.1372097698855134,0.08452453045186778,0.08306117768231934,0.07357779884940466,0.04625133674532783,0.07987551016399562,0.07802177965204839,0.060942367790417,0.1452244827730486,0.055581091385729024
2023-12-12 00:00:00+00:00,0.046468290009680495,0.11342824787268828,0.14144947994326532,0.08274355749020222,0.08203543226391877,0.0732583510283354,0.048009912805321714,0.07774236493462248,0.07859329348865585,0.0605587412168978,0.14032040887341254,0.05539192007299909
2023-12-13 00:00:00+00:00,0.04645500560818455,0.11437286877253115,0.14098974285002538,0.08195302754447586,0.08241076134506704,0.0730541258698165,0.048115005705491994,0.07800231692810261,0.07832076850584895,0.059934543272319375,0.1409100360603948,0.05548179753774155
2023-12-14 00:00:00+00:00,0.046804770677273434,0.1151865238958532,0.14181660712657707,0.08079106379015213,0.08322939168123655,0.06708763682151102,0.0485014135142517,0.07965714576075784,0.07893244216250321,0.06047494951241703,0.14171641139788604,0.05580164365958071
2023-12-15 00:00:00+00:00,0.04676856642135087,0.11532443694184571,0.14255881222100494,0.080949572727067,0.08343326421195657,0.06661219906613462,0.048716084668504536,0.07987566644720599,0.07917086683453978,0.05841991400081277,0.1422173894786976,0.055953226980879504
2023-12-16 00:00:00+00:00,0.04741985472411704,0.11684820226430176,0.14227477502811134,0.07892514371811504,0.08252458382090057,0.06590801107334236,0.04966545123992514,0.0789866200244721,0.07889962094299427,0.05869460117422713,0.14342824375631766,0.05642489223317556
2023-12-17 00:00:00+00:00,0.04747429799605922,0.11697221325156254,0.14239396198303098,0.07905269407834323,0.08181827952745961,0.06594126252313055,0.04958019475779565,0.07874553481887189,0.07889762652710121,0.05888540379789191,0.1437280704257677,0.05651046031298554
2023-12-18 00:00:00+00:00,0.04750089980527894,0.11743506547725643,0.14258873777011594,0.07828829806923887,0.08091673564202109,0.06529596608340156,0.04934476042802947,0.07823596968219243,0.07879004938757242,0.05821779199001019,0.14662842618022454,0.05675729948465812
2023-12-19 00:00:00+00:00,0.04727947563241686,0.12284278110075322,0.14144335599047933,0.07792946844978513,0.08036909429326904,0.06545942323562019,0.049312491459098405,0.07764451737309724,0.07852209878838458,0.057702165580160766,0.14657508783890552,0.054920040258029726
2023-12-20 00:00:00+00:00,0.04754077375368893,0.12247841620571678,0.1410945445763911,0.07764744444280879,0.08020137084127589,0.06475041891240736,0.04903458809318656,0.07800310862157772,0.07912824855330162,0.05750328970203954,0.1481458228105223,0.05447197348708334
2023-12-21 00:00:00+00:00,0.04681685831406282,0.12146243840879303,0.13851284772557604,0.07873669377292199,0.08043095068647127,0.06473003125963406,0.048680933591135796,0.077675151017444,0.07953772208801298,0.05691336336623571,0.1480465182750138,0.05845649149469842
2023-12-22 00:00:00+00:00,0.0463515227765744,0.12366734345448453,0.1360495366291113,0.06614692389439993,0.08149200592919527,0.0649318667097058,0.04949232427772652,0.07873957905516968,0.08194915536627857,0.057178862768868806,0.1506415797568874,0.0633592993815979
2023-12-23 00:00:00+00:00,0.04597149932390504,0.12452693421715344,0.1386234971011338,0.06376416558330932,0.08203313953276746,0.06396471062705641,0.048365207453134426,0.0791957468203434,0.08072529116899914,0.0577021184874072,0.1527415812607322,0.062386108424057965
2023-12-24 00:00:00+00:00,0.04582374279259001,0.12481326732691422,0.13900340894689603,0.06394442859243747,0.08190393535332251,0.06375061391484899,0.04838004579841475,0.07980553948613267,0.08043138065398657,0.05758870907073308,0.15215652783708195,0.062398400226641684
2023-12-25 00:00:00+00:00,0.04666261267059207,0.12651691865840095,0.13989456280807164,0.0647127018460816,0.08303033874978374,0.06403402339574076,0.048891113651321226,0.06862554641757906,0.08144862599723444,0.05834975930784491,0.15421344393992875,0.06362035255742089
2023-12-26 00:00:00+00:00,0.046660121724468095,0.12652178647021242,0.1403469279745742,0.06441900336185917,0.08458000889315541,0.06395616346304737,0.04915533767943391,0.06589835813422523,0.08129457031980852,0.058486805141330075,0.15496369389923317,0.0637172229386524
2023-12-27 00:00:00+00:00,0.047389098714403236,0.129821735687331,0.11888539634555895,0.06578148431373773,0.0887640784208641,0.0653133328002713,0.04974266807846802,0.06770481059836277,0.08221571558918113,0.05964453903005496,0.16100222468912462,0.06373491573264216
2023-12-28 00:00:00+00:00,0.04752034955012448,0.1313460954552915,0.11069262351678162,0.06637886232943366,0.08989384574901706,0.0659007162291543,0.04980655532687555,0.06948768577300439,0.08320269472198784,0.05943581663955279,0.16173778329650831,0.06459697141226853
2023-12-29 00:00:00+00:00,0.047118594369102484,0.13245722065576757,0.11075477512882136,0.06606369034255326,0.08975264609358034,0.06550311288032035,0.04907754362985858,0.07039655468283774,0.08285935541209688,0.05909021738770576,0.16267466415172885,0.064251625265627
2023-12-30 00:00:00+00:00,0.047453412535398844,0.13578044942618187,0.11029081518775315,0.06648016678999805,0.09009644786563502,0.06565364448211236,0.04928388133981273,0.07071554937662483,0.08275107516659959,0.05938609018701708,0.15775102949507275,0.06435743814779353
2023-12-31 00:00:00+00:00,0.04744762161937143,0.13836167100574692,0.10976258520009387,0.06631477052589117,0.08999565099721449,0.06572603813633683,0.048915919704492855,0.07140046674160745,0.08227624220056853,0.05900788826941292,0.15691647427196087,0.06387467132730261
2024-01-01 00:00:00+00:00,0.047508855355682666,0.13855946801477434,0.10902211146679928,0.06654138954728808,0.08962598732475968,0.0656731615273958,0.0488473555208193,0.07077431739457649,0.08302532417470719,0.0593631907085366,0.15736741990882966,0.0636914190558309
2024-01-02 00:00:00+00:00,0.047352343261936464,0.13867305813480038,0.10935193265442104,0.06649916564780387,0.0899527509945779,0.0660304217955003,0.0491382069938308,0.0706213126697102,0.08240123741210535,0.05991845739629397,0.1556586665327807,0.06440244650623904
2024-01-03 00:00:00+00:00,0.04741665883722438,0.13967403680796886,0.10977815619388118,0.06648588123556619,0.09022150760907696,0.0657855110225796,0.04910931150929132,0.07033502077280611,0.08156743484280513,0.059685414153580856,0.15491708038336885,0.06502398663185065
2024-01-04 00:00:00+00:00,0.047609667916755784,0.14198785937684305,0.11221918895864859,0.06509351044798341,0.09072312378573003,0.06559010418979921,0.04952168572403082,0.06773699653902816,0.07732002643621823,0.05809364231620204,0.15808430747612406,0.06601988683263661
2024-01-05 00:00:00+00:00,0.0466892549007978,0.15642408676145125,0.11036826250271639,0.06385698465045528,0.08815394804630365,0.06458660156887158,0.048586019657418066,0.06629860219854233,0.07606702703787206,0.057180145874007424,0.1559977088551809,0.06579135794638326
2024-01-06 00:00:00+00:00,0.04439303643509498,0.1791471605294539,0.1076323718814838,0.06088272603857649,0.08707015413038932,0.06250117421604622,0.04654974922461357,0.06331783684750336,0.07442043841543203,0.05449429293391779,0.15558342301343744,0.06400763633405095
2024-01-07 00:00:00+00:00,0.043701377193527256,0.18303265432381083,0.10768956819332472,0.060505167320247244,0.08680818645828765,0.06255136570214956,0.04645423600682105,0.06317971570540534,0.0740570089149543,0.054184693117392435,0.15474389030289823,0.06309213676118146
2024-01-08 00:00:00+00:00,0.043632221031461235,0.17744507963010195,0.10772703961054637,0.060685128026800934,0.08615816111713524,0.06269549855762248,0.046578809835661504,0.06300978955961299,0.07594735684963885,0.05434100268100551,0.15276466959328946,0.06901524350712347
2024-01-09 00:00:00+00:00,0.04430662706533511,0.17600096313778288,0.10953073039949097,0.061131061289023465,0.08384326682747348,0.06318241790001705,0.04699782689635314,0.06378434974721789,0.07884002524780721,0.055131360822235985,0.14827730828954722,0.06897406237771568
2024-01-10 00:00:00+00:00,0.04936875543834205,0.1720879997947252,0.10873059965238764,0.06096913689817525,0.08338014683066372,0.06308640157342411,0.04809193680660421,0.0635490114664561,0.0776743546751053,0.057133913020106224,0.14640706640969997,0.06952067743431022
2024-01-11 00:00:00+00:00,0.050175429454810315,0.16430158087923594,0.1102225253120725,0.061648302887770755,0.08405390504423864,0.06356219414957406,0.05008796935514559,0.06468573787534149,0.07678610129111935,0.05790187346007679,0.14655207962773545,0.07002230066287918
2024-01-12 00:00:00+00:00,0.049836873847343796,0.16340351595590483,0.1098897357333449,0.06139654418548279,0.0834446961691573,0.06305652074313901,0.051355454167820044,0.06428198274607691,0.08306269970089386,0.0582416094595956,0.14231470004255733,0.06971566724868355
2024-01-13 00:00:00+00:00,0.05038620877537119,0.15136806740965272,0.10876925983602566,0.06173989856277106,0.0834831654910943,0.06423082471665081,0.054842192750104594,0.064073704069124,0.08201401557250451,0.05935605885303354,0.1475201382249566,0.07221646573871103
2024-01-14 00:00:00+00:00,0.05064984065422634,0.16030114480537075,0.10708743377533957,0.061083179929638534,0.08275510873052357,0.06330997509968073,0.05428299759052979,0.0631932117298689,0.08200853692409171,0.05846846004140552,0.14551892009667614,0.0713411906226485
2024-01-15 00:00:00+00:00,0.05166689228705884,0.15993044506611656,0.10609437315883714,0.060066052897674076,0.08130480001190962,0.06172924239288686,0.05973190224059871,0.06183600738931604,0.07934077921165261,0.057479042930807744,0.14948985947763777,0.07133060293550406
2024-01-16 00:00:00+00:00,0.0525052286098492,0.16721617839498268,0.10483051735273562,0.058840875730293556,0.07988515871016215,0.06028548164580841,0.058458463543524825,0.06041363698626349,0.08017771369413594,0.05674845815271725,0.14966404774787015,0.0709742394316568
2024-01-17 00:00:00+00:00,0.0522777261394054,0.1663974292147935,0.10436293463841483,0.058701203653246437,0.08381946650948428,0.05986140506272096,0.058189508302295155,0.0601609880048345,0.07987503014715426,0.05642920079568555,0.149273420781159,0.07065168675080621
2024-01-18 00:00:00+00:00,0.05215284290426773,0.16484111385275926,0.10392974104353724,0.05858314601663368,0.08715741110542685,0.05977315905384211,0.05800929842234138,0.060407740638868716,0.07906011082279706,0.05666781799828606,0.14886596085511952,0.07055165728612064
2024-01-19 00:00:00+00:00,0.05230790327731908,0.16555007806228964,0.10437519935866506,0.058614228015985086,0.08699963581947605,0.0588299555190269,0.05838339611627849,0.060930976153303354,0.07762091274125056,0.05674593070310691,0.14761947783254895,0.07202230640074986
2024-01-20 00:00:00+00:00,0.053448599466829,0.16237519002513082,0.10549004597185338,0.058846951207074706,0.08822289257743905,0.059023599501471395,0.06044402041734627,0.0612554967864701,0.07700684888796477,0.05776682640357048,0.14376197335649799,0.07235755539835208
2024-01-21 00:00:00+00:00,0.05334035507448742,0.15693839909100332,0.11535910778227754,0.058844871130176335,0.0889326687793363,0.057970932442565695,0.06085774555065397,0.0614532457175941,0.07735433228217792,0.05748104454143597,0.13940115392857189,0.07206614367971965
2024-01-22 00:00:00+00:00,0.05489470134034596,0.1547251788132044,0.11430405150203894,0.05879744694654381,0.08886021986930782,0.05813875146061051,0.061996277845872,0.061076985765487056,0.07779066671247385,0.057347957863112205,0.13821721636695802,0.07385054551404541
2024-01-23 00:00:00+00:00,0.055913587947205044,0.15361343126183968,0.11350230601970585,0.05702920333456956,0.09035879455527848,0.058822441440882015,0.056791981671174566,0.06201052780836511,0.07844398457621986,0.05758943544698262,0.14068787138380454,0.07523643455397269
2024-01-24 00:00:00+00:00,0.05598396863296919,0.15308492158648856,0.11389544298367368,0.05728443513003938,0.09101092058499813,0.05910038529042476,0.056153222966746096,0.06226686184170284,0.0783512911209488,0.05777125384832618,0.1395218421128165,0.07557545390086576
2024-01-25 00:00:00+00:00,0.05461749158484634,0.1531503877942301,0.11392673929975818,0.05700058750642148,0.09096708787481254,0.05914113900324166,0.05604064034797408,0.06289892342630458,0.07839361751526663,0.05799325053278636,0.13989845098590095,0.075971684128457
2024-01-26 00:00:00+00:00,0.05469861504420544,0.15273923418737773,0.11389924430295272,0.05698481803168903,0.09093768636637754,0.05924455184524174,0.05614624031034602,0.06377150787673429,0.07831035917505882,0.058118329430422555,0.13983816365177273,0.07531124977782139
2024-01-27 00:00:00+00:00,0.054908899926887696,0.15135129898118976,0.11392511603299417,0.057441157159878645,0.09076171144643146,0.05936306711190106,0.05610220106242137,0.063986384869296,0.07815588569504141,0.0584008346254751,0.13968097030303137,0.07592247278545193
2024-01-28 00:00:00+00:00,0.05508955154775444,0.15127302282918373,0.11390390030003959,0.05741771912155788,0.0907741563100314,0.05931745781552434,0.05605797907728183,0.06397531872758849,0.07812644075258807,0.058468386159407644,0.13948696513033565,0.07610910222870698
2024-01-29 00:00:00+00:00,0.05487557321430811,0.15125530299683557,0.11385385671854809,0.05745893636175166,0.09058027789730459,0.05922084004075066,0.05589000211437684,0.06448711216295289,0.0780925919547346,0.05874288853711201,0.13941001608814244,0.07613260191318275
2024-01-30 00:00:00+00:00,0.05444662607769977,0.15102843194634613,0.11385036987885225,0.05752540755991126,0.09050774318200656,0.0593447711764661,0.05588610333098849,0.06446893751176479,0.07801875583102162,0.05873672554602969,0.14004782107500596,0.07613830688390756
2024-01-31 00:00:00+00:00,0.05444808036186866,0.15036648870342179,0.11397684113384467,0.05758385489023489,0.09061670749254955,0.059431173210076974,0.05580204445326311,0.06462577372959215,0.0782354363143174,0.05884028806405179,0.13957753335883233,0.07649577828794683
2024-02-01 00:00:00+00:00,0.053922938988995237,0.14963794535682037,0.11369712078537098,0.057410484526626906,0.09090921642314112,0.05960183552757727,0.055638091365170006,0.06380187620484352,0.07803317522247377,0.058150963144431564,0.13965475609771905,0.07954159635683018
2024-02-02 00:00:00+00:00,0.05426678227613507,0.15067102038107372,0.11447556744187402,0.05768190638091872,0.09151598245037382,0.05998469520430541,0.05561231163947243,0.06408707537918854,0.0781053793546117,0.05858491486369212,0.1401676546665344,0.07484670996182004
2024-02-03 00:00:00+00:00,0.05424051748974749,0.1507588845642146,0.11438890372982473,0.05743567593586615,0.09588055327622463,0.05981534523743094,0.05403305670973534,0.0637873901108704,0.07797764321236539,0.05818492847793425,0.13967032806595203,0.07382677318983395
2024-02-04 00:00:00+00:00,0.054073119316500586,0.14966077937430272,0.11407154807273799,0.05761186807037103,0.09624198895187558,0.06001318289802058,0.05478060200904734,0.0639760097544498,0.07754263765414593,0.05795112345972987,0.1404438278871815,0.0736333125516371
2024-02-05 00:00:00+00:00,0.05407333475647732,0.15000251399170308,0.1137015818002103,0.05759457694839458,0.09625347440143564,0.06007233631861105,0.05541924289582137,0.0638085793563403,0.07735832473520793,0.05761840194331259,0.1409729922885303,0.07312464056395558
2024-02-06 00:00:00+00:00,0.055478506916364134,0.14983630755018754,0.11349667648262081,0.05760932061635052,0.09559664194765646,0.06005387513008658,0.05531622748934672,0.06455234856067571,0.0774452677593977,0.05685665566483611,0.14214688472131415,0.07161128716116365
2024-02-07 00:00:00+00:00,0.054950948231242504,0.14746065299842306,0.10886550982217041,0.05673450518962803,0.0949211165885835,0.06810135323924028,0.057552951647573826,0.06224732764399373,0.07548584319628246,0.055273521299127756,0.1483102295276869,0.07009604061604739
2024-02-08 00:00:00+00:00,0.054900558590703655,0.14766821808436517,0.10847748364999289,0.05662981197010446,0.09498854796896598,0.0683119650839016,0.05762395906133643,0.061754890714412626,0.07527328719553951,0.055736760740197254,0.14909974716681035,0.06953476977367015
2024-02-09 00:00:00+00:00,0.05450160090933362,0.1461821611076878,0.10730924038864217,0.05622560276324582,0.09516715324480328,0.06780727890473039,0.06405576348988691,0.0612602079691163,0.07511113396296476,0.0551509977922583,0.14846857648381342,0.06876028298351729
2024-02-10 00:00:00+00:00,0.05334970240473959,0.14504371058584603,0.10425160218771631,0.056120275718651046,0.09831242134578277,0.0674832929186223,0.05882576596436228,0.061677292582782234,0.07437384546850051,0.05500184016968945,0.1555181689919763,0.07004208166133119
2024-02-11 00:00:00+00:00,0.053355833655240666,0.1448206498202207,0.1044927050823349,0.05694683064528907,0.0981592745350957,0.06793612934845224,0.056452100433928745,0.06168364089037866,0.07559639665077356,0.056340461863430856,0.15500563008432336,0.06921034699053158
2024-02-12 00:00:00+00:00,0.05286033662184848,0.14322504303323208,0.10345341822983932,0.05738247359293181,0.09798488262407609,0.07896068695227271,0.05596185529542368,0.06101630080109461,0.07473093258612543,0.05521623585445053,0.1524456928060188,0.06676214160268652
2024-02-13 00:00:00+00:00,0.053555760765422344,0.14309006097183122,0.10259950363651965,0.05731513416570388,0.0984174197078907,0.07960790316880872,0.055814683688564015,0.060631912234674824,0.07359235648008085,0.058427030703001044,0.15051216722610192,0.06643606725140098
2024-02-14 00:00:00+00:00,0.053698176571114586,0.14288165266247244,0.10317630130651019,0.05851815505968346,0.1014736040392919,0.08201700303521836,0.05544532922560916,0.06016506944763385,0.07441775734130442,0.0584672749672012,0.14372498800296715,0.06601468834099318
2024-02-15 00:00:00+00:00,0.05342752187189317,0.1425571984956372,0.10218752899491851,0.05852993687462154,0.10363501429547135,0.08162588849897344,0.055755751442812355,0.060387578310397774,0.0742992342050163,0.05838685902892476,0.14346270797064511,0.06574478001068844
2024-02-16 00:00:00+00:00,0.05347008473416038,0.14263548050861777,0.09796686558125821,0.05896374919941972,0.10610248514597698,0.08117119616103156,0.05593726580160574,0.06066762901311049,0.07450810627280306,0.05929844740161424,0.143578266546162,0.06570042363423993
2024-02-17 00:00:00+00:00,0.05355399469965692,0.1440597384451361,0.09788810132064332,0.058660256617217986,0.1059207057237218,0.08150850267912721,0.0555209559265145,0.06051856448693435,0.07150754989554772,0.059701477837962154,0.14291310826647016,0.06824704410106791
2024-02-18 00:00:00+00:00,0.0534149451164161,0.1444646370085578,0.09672423185814667,0.05866521074660753,0.10507028382753048,0.0825439121647443,0.05556797018669981,0.060188486866296784,0.07126852032253159,0.059833476618648136,0.1426405216304643,0.06961780365335649
2024-02-19 00:00:00+00:00,0.05621784890547605,0.14454613622484672,0.09636989181167822,0.058250294725404946,0.10358459064804659,0.08184147506839728,0.05710265436700931,0.06002420638478419,0.06758353177223644,0.06365571966841127,0.14052401045323074,0.07029963997047832
2024-02-20 00:00:00+00:00,0.060211622223558255,0.13972094772274768,0.09555303071320326,0.07435534413066096,0.09854559428991531,0.08365007395101944,0.056029864900227,0.05828625853043233,0.06584715388408831,0.06438446336595167,0.13532401171059147,0.06809163457760442
2024-02-21 00:00:00+00:00,0.06085249633086523,0.14010429827928308,0.09582666739382666,0.07570499128818099,0.09698514202853871,0.08407184520275085,0.05607388290427785,0.05826730375499141,0.06634360285773912,0.06444608833947023,0.1335533654951676,0.06777031612490805
2024-02-22 00:00:00+00:00,0.06501959736020993,0.14025934458326836,0.09129223400398663,0.07667606562590622,0.09708442808381515,0.08329130823211561,0.0572585241064881,0.057634132002648324,0.06476410884345828,0.06505070018532269,0.1336405062757157,0.0680290506970651
2024-02-23 00:00:00+00:00,0.06457607472647503,0.13763140406892482,0.09049166999345822,0.07618999720594975,0.09549804333388061,0.08243568804946577,0.05616927029421543,0.07139123497291198,0.0627938475853158,0.06410149770654053,0.13117804972407787,0.06754322233878433
2024-02-24 00:00:00+00:00,0.06600135022394811,0.13541275661692495,0.08788901324003058,0.07798646659391868,0.09356677730500403,0.0831242091443543,0.05483876012717372,0.08060277229986638,0.06184790914587596,0.0640692049605846,0.12799059925164258,0.06667018109067611
2024-02-25 00:00:00+00:00,0.06581834868510121,0.13309717452522993,0.10285181130720457,0.07640087114973425,0.09122092869296142,0.0810836644839477,0.054965902435696795,0.07864615591872395,0.062249061568117166,0.06105624887007043,0.12431605900747565,0.06829377335573683
2024-02-26 00:00:00+00:00,0.06522317636229641,0.13014456977264163,0.11667394867435561,0.07463116947057678,0.0892540954114906,0.08073052342795738,0.05416688493576762,0.07674532346922035,0.060988878658320665,0.06093123204153015,0.12369734497320635,0.06681285280263641
2024-02-27 00:00:00+00:00,0.06633060869615999,0.130876850467078,0.11453377314776923,0.0751911963184703,0.08821505743361945,0.07998760653255298,0.055078557780970906,0.07627105152403334,0.060174262849872755,0.06166731152690522,0.12370679941488617,0.06796692430768164
2024-02-28 00:00:00+00:00,0.06833117667539512,0.12635330598234903,0.1171003717129671,0.07558302601036629,0.08040034050057507,0.0811549130156404,0.055774596144876044,0.07617165386588061,0.06090158233173593,0.06213494609538221,0.1269751783912194,0.06911890927361292
2024-02-29 00:00:00+00:00,0.06661233124902777,0.13003404628067422,0.1148381136560247,0.07809274263864764,0.06263516728207692,0.0838784934964452,0.05770264713607831,0.07848124150048988,0.06295330168782635,0.06258265555031016,0.13079166324726751,0.07139759627513116
2024-03-01 00:00:00+00:00,0.066927820890776,0.13221544595858667,0.11469506675549591,0.08030592598474458,0.0642612365339321,0.08482293531460029,0.05933853224480616,0.07791554654219629,0.06477547732916421,0.06391692517580311,0.11735499107763378,0.0734700961922608
2024-03-02 00:00:00+00:00,0.07168104204895477,0.1337261360114871,0.11680508137471274,0.08225770061023596,0.05518772932762591,0.07971444842317979,0.060735379259709746,0.08042966215768228,0.06699502023177045,0.06582686129149669,0.11199466750842933,0.0746462717547153
2024-03-03 00:00:00+00:00,0.07570543209355175,0.12612141179869546,0.12287071571807072,0.08047320102368412,0.058000176551862605,0.08439627427711001,0.0635438314094503,0.08031531097948441,0.06927106841126766,0.06515814101151345,0.0976614718258815,0.0764829648994281
2024-03-04 00:00:00+00:00,0.07886201350918169,0.12327257740005429,0.12235799477140838,0.08612496793748912,0.05670800619342346,0.08723857089542403,0.06308793706339233,0.08841785603503463,0.0754339721695028,0.04833560833055391,0.09510282704331827,0.0750576686512172
2024-03-05 00:00:00+00:00,0.08251009906454213,0.12215912943782598,0.12437961045810862,0.08715769072522617,0.051279010129775475,0.08579539033273631,0.06358836055128243,0.08934551531114818,0.07475430841501762,0.04748002125582436,0.09573215916642583,0.07581870515208695
2024-03-06 00:00:00+00:00,0.08742778665003854,0.11410726939336374,0.12461476238671738,0.09217383233678984,0.05008400172474814,0.08267486743624226,0.06325866549369517,0.09052743301736425,0.07471040842125923,0.05138743018417587,0.09562111830228429,0.07341242465332122
2024-03-07 00:00:00+00:00,0.09184374897798367,0.11659803497878432,0.11677052712741418,0.0832435627593764,0.05211251063900843,0.08358076975641388,0.06563783339586242,0.09006512728110946,0.07438648971863439,0.051720763915013575,0.09674790720625855,0.07729272424414071
2024-03-08 00:00:00+00:00,0.08733143015188663,0.11986701888789522,0.10609149890926554,0.08511446098803997,0.05362854235547722,0.0858146296068491,0.06683150656735146,0.09297419416086479,0.07564995401827898,0.048250479526433535,0.09898288955250416,0.07946339527515336
2024-03-09 00:00:00+00:00,0.08660290759922001,0.12148817104946824,0.10455013102959607,0.08502194614548568,0.05405745992199794,0.08514150781885936,0.06627834096627228,0.09221658399285515,0.07612881975975519,0.04766666232500081,0.10047759839447522,0.08036987099701402
2024-03-10 00:00:00+00:00,0.0879748718215833,0.12395971807611847,0.10640722517750151,0.08612976471722203,0.05395203559987529,0.08640904712151631,0.06734246661478842,0.07847461874334395,0.0774918099633031,0.04822884639535139,0.10146701953596678,0.0821625762334295
2024-03-11 00:00:00+00:00,0.0872782685135843,0.12871028395364487,0.09924677502229912,0.08721825208752862,0.05340751824401886,0.08603120316346581,0.06729803859971702,0.07798381629256118,0.07939567795490239,0.04787427887112953,0.10154744608966979,0.08400844120747848
2024-03-12 00:00:00+00:00,0.0943924263928247,0.09402067193446617,0.10753278675145717,0.09133732573043193,0.057595001995479254,0.09001023167614028,0.06728403657027741,0.08482209020512291,0.08634314784725174,0.051355818744436975,0.08405126360566174,0.09125519854644969
2024-03-13 00:00:00+00:00,0.09597270606447326,0.09405840714970855,0.1098859453549539,0.09232280318368538,0.05668605249256818,0.08919262912671311,0.06393955417389459,0.08608064721025858,0.08657228136893085,0.05160200005846307,0.08219748726301392,0.09148948655333673
2024-03-14 00:00:00+00:00,0.09401118727873617,0.09708906186829801,0.09137062336665884,0.0934836354617767,0.05852569696461416,0.09191377492418089,0.06589992391248314,0.0887797286873575,0.08679273255191083,0.05285354632088191,0.08484571779074106,0.0944343708723607
2024-03-15 00:00:00+00:00,0.09137451622715988,0.09715356791522883,0.09054197550385926,0.0943627808661629,0.05883194516165836,0.0927714215494946,0.0665111046401117,0.0886979412440388,0.08644263311848192,0.05235860799737501,0.08497708434524436,0.09597642143118439
2024-03-16 00:00:00+00:00,0.09262332955188636,0.09688231220504274,0.09183321355075735,0.09297071633276394,0.058828407884939,0.09389071221735795,0.06655321350678356,0.0872636412198518,0.08547945045921003,0.053283381721154835,0.08555339036629232,0.09483823098395984
2024-03-17 00:00:00+00:00,0.09586483736709075,0.09865184011249781,0.08983061547251774,0.08904280633812663,0.057997845818513354,0.09186126670605406,0.06712713174189941,0.08635360937352665,0.0847211295235644,0.05414866020682462,0.08662387072390473,0.09777638661547983
2024-03-18 00:00:00+00:00,0.09062381021498175,0.09962638578184346,0.09080179355939948,0.08930168526455212,0.057785297395306266,0.09301316886406687,0.0661829329341587,0.08658944736213695,0.08579795316445545,0.054303275068328966,0.08744587832177213,0.09852837206899787
2024-03-19 00:00:00+00:00,0.09031009574288645,0.09874715572759496,0.08954329195628284,0.08919313806941793,0.056642778125783264,0.09578211916469692,0.065689374086044,0.08458097527058953,0.08609041108650096,0.053307166208232885,0.08694392517563344,0.1031695693863369
2024-03-20 00:00:00+00:00,0.08384173904134294,0.09812502261751273,0.08788820943005296,0.08707901202267303,0.05727683706537121,0.09865195723930648,0.06504875394893238,0.08597525961197813,0.09011715973496232,0.05407783162924544,0.08900073482784905,0.10291748283077334
2024-03-21 00:00:00+00:00,0.07919540677493905,0.09975447639377988,0.08574450030556911,0.08822208072644028,0.05775773228101238,0.10027256637531234,0.06531757445035166,0.08730756208949915,0.09240404821060015,0.054779572576396665,0.09019319917835673,0.09905128063774249
2024-03-22 00:00:00+00:00,0.07771879584944251,0.0996774172744743,0.0858225329644828,0.08844843199393773,0.05799335710503443,0.10085647885897295,0.06484103207034218,0.08746425887422027,0.0925763463312795,0.054818836300436574,0.09037138959501641,0.09941112278236024
2024-03-23 00:00:00+00:00,0.07633744039198885,0.09789939224883157,0.08530056804902893,0.09386271338511253,0.056932612278113595,0.10068984635874452,0.06987913586891117,0.08625270458868173,0.09154775259402949,0.054109607652137404,0.08878011352318287,0.09840811306123722
2024-03-24 00:00:00+00:00,0.07643734451297556,0.09805203843140088,0.08532937538185086,0.09387871092020801,0.05689664138534442,0.10061328758191511,0.07056049377366178,0.08615402595612924,0.09201306342329718,0.05286694738091627,0.08898010456228814,0.09821796669001262
2024-03-25 00:00:00+00:00,0.0777885494928705,0.09787265287253354,0.08520857648863596,0.09451826171854835,0.05616319299620074,0.10059658494366841,0.07024304683210707,0.08636670056744487,0.09199935471787116,0.053077465453242184,0.08834864001444344,0.09781697390243373
2024-03-26 00:00:00+00:00,0.07782396168689036,0.09806620197573772,0.0851797949491845,0.09461113196148922,0.056230953403899164,0.10093639624299365,0.07015725700761545,0.08653219645981483,0.09207329226279785,0.053022327210631194,0.08846864732825617,0.09689783951068989
2024-03-27 00:00:00+00:00,0.07857219688375984,0.09813631336280418,0.08503292854633672,0.09476221195134127,0.05614084377479735,0.10142121224852282,0.07026222702684168,0.08625327879251327,0.09246861465389165,0.05275222738425775,0.08711417071701592,0.09708377465791748
2024-03-28 00:00:00+00:00,0.07850798053243983,0.09810431607748396,0.08516379346356406,0.09492479764471576,0.056210698256102705,0.10166609384216134,0.07021176905785537,0.08596467127114384,0.09271631753208508,0.05232080463016773,0.08724442293064283,0.09696433476163742
2024-03-29 00:00:00+00:00,0.0789740015099267,0.09823398783927009,0.0853119163874019,0.09504423052408921,0.05408756627478681,0.10211149022340826,0.07037340052965628,0.08607531824334574,0.0928373610183751,0.05245135412444771,0.08735243723139777,0.09714693609389449
2024-03-30 00:00:00+00:00,0.08015285026755631,0.09877451909810585,0.08526164945013671,0.0955685327517088,0.05441171171258638,0.10266066266289428,0.07062081860009398,0.08668599851682812,0.093414052030209,0.05245487468213063,0.0821936801833451,0.09780065004440487
2024-03-31 00:00:00+00:00,0.08048510930497176,0.09908767834777775,0.08517977111731816,0.09579379952402244,0.053846379955536296,0.10275943912225302,0.07084378833344712,0.08670828880463746,0.09370109993014727,0.052266584253767345,0.08102683641763953,0.09830122488848188
2024-04-01 00:00:00+00:00,0.08196975804681333,0.09892348310895069,0.08507073463425685,0.09587188368642166,0.05289912862753999,0.10271255376838885,0.07066709729808525,0.08778647423731797,0.09350183707396359,0.052055375989914034,0.08074806612772498,0.0977936074006228
2024-04-02 00:00:00+00:00,0.08122296050429906,0.09936856862807192,0.08416571986657627,0.09608642841859669,0.052581204483517406,0.10288615784134827,0.07131970961317967,0.08851861562757199,0.0923532259228992,0.05186742204806,0.08020631437455045,0.099423672671329
2024-04-03 00:00:00+00:00,0.08150387931572536,0.10181838291024464,0.08604838091514812,0.09528531577474392,0.05262838766269047,0.09592755298564727,0.07453202187217606,0.08682307783726476,0.09012987593947916,0.0527767212290608,0.08074184233570285,0.10178456122211675
2024-04-04 00:00:00+00:00,0.08190290282645153,0.10215901253987886,0.08633099849978844,0.09554208316071576,0.052562421236936184,0.09576050452801885,0.0747337864585981,0.08723421596607772,0.09047570963894926,0.052830083199405,0.07890671864670473,0.10156156329847539
2024-04-05 00:00:00+00:00,0.08190282951600014,0.10193862891110271,0.08654384332345084,0.09570707641386926,0.052568261801716434,0.09531578817283012,0.0747154593616159,0.08687885270561904,0.09032967401834069,0.05293588438400451,0.07904470565699127,0.1021189957344591
2024-04-06 00:00:00+00:00,0.08125069696748624,0.10193239771133575,0.08642111647308091,0.09570348479342151,0.05255634365843457,0.09509785668935536,0.0746625559441733,0.08664020848203995,0.08986661301806334,0.053286202862624046,0.07912029962493669,0.10346222377504836
2024-04-07 00:00:00+00:00,0.08149628830872761,0.10205631453096348,0.08660476179040358,0.09563857724111463,0.05255767626712414,0.09478709328268925,0.0733348175299286,0.08665992901055337,0.08990269916354976,0.05329489797902207,0.07903935459913013,0.10462759029679328
2024-04-08 00:00:00+00:00,0.08141977286535161,0.10203393685483098,0.0866262829044496,0.09522435073490623,0.05230677813289421,0.09561577320328919,0.07329545575545532,0.08675984848476771,0.08969100078644007,0.05352614964625537,0.07897195317444904,0.10452869745691061
2024-04-09 00:00:00+00:00,0.08157492505665463,0.10151019186308337,0.08682350617292792,0.09545341737190183,0.05247208961306371,0.09523152840626004,0.07366187424585621,0.08702707264119179,0.08958828716109563,0.053628635653632004,0.07903556481633366,0.10399290699799933
2024-04-10 00:00:00+00:00,0.0813255465560376,0.10145532404686716,0.08658734580083537,0.09523271847308949,0.0518995701345694,0.09548363244709875,0.07613479362386619,0.08656580197766121,0.08955760342238539,0.05360530445961005,0.07812115555466831,0.10403120350331103
2024-04-11 00:00:00+00:00,0.0810117970012539,0.1011001354636105,0.08615696628279705,0.09500052297890457,0.051624184058418315,0.09534460860831022,0.07832704169170175,0.0863568259174079,0.08931822232045522,0.05321831714222378,0.07789306840245887,0.10464831013245787
2024-04-12 00:00:00+00:00,0.0807717984508893,0.10081492243977803,0.08580843264232459,0.09473346240693192,0.05138876745720957,0.09571771808114417,0.0779385002184735,0.08596143454144635,0.08913060772551656,0.05304382412308742,0.07768632884944739,0.10700420306375127
2024-04-13 00:00:00+00:00,0.09057365814271945,0.1120158864515149,0.0961603999662459,0.07950974891450743,0.05528573320718322,0.07731834950804989,0.07562900831423013,0.07041608896903306,0.08193541194993302,0.05958285132201091,0.08729230222385584,0.11428056103071627
2024-04-14 00:00:00+00:00,0.0989007212268868,0.09097780072744724,0.10174886871743126,0.08001624844915918,0.05911374369061108,0.08355212198267713,0.08012610612152102,0.0727926139184264,0.08038652462012241,0.06503982231536141,0.08981468216468978,0.0975307460656662
2024-04-15 00:00:00+00:00,0.09843978433453296,0.09121892166229166,0.10281377895168138,0.07919950296501027,0.059407541126391204,0.08417619716531234,0.07986175935561333,0.07305664574469771,0.0796915864172785,0.06537969347775083,0.0902438053682024,0.09651078343123748
2024-04-16 00:00:00+00:00,0.09740687762294481,0.09123131212409707,0.1040429543672916,0.07921866324584353,0.059427280773394264,0.08464493574333158,0.07954106340028208,0.07298201587663909,0.07973166121061231,0.06509589094030822,0.09027510020283583,0.09640224449241964
2024-04-17 00:00:00+00:00,0.09774875716156949,0.09111303988742954,0.10395760500275668,0.07925922140067333,0.059345200988231,0.08468497787832849,0.07974123739680335,0.07281509741117455,0.08032700060061763,0.06465443347655185,0.08995237664245756,0.09640105215340651
2024-04-18 00:00:00+00:00,0.09773046291672924,0.0910741989537795,0.10421213523494531,0.07917632020107072,0.059224539055247834,0.08458737698395,0.07965822818336257,0.07291488707396436,0.08041819345264598,0.06469591888995294,0.08987730361608377,0.09643043543826774
2024-04-19 00:00:00+00:00,0.09625766228217512,0.09123426274337036,0.10413103673701485,0.07920771542988228,0.059212225029679495,0.08464510253015606,0.07957674159664423,0.07300125560398506,0.08151101462457724,0.06484665011673453,0.09007207969431937,0.09630425361146148
2024-04-20 00:00:00+00:00,0.09626636207503407,0.09121404816480093,0.10407108428506669,0.07921890613161381,0.05922810251514573,0.08455708076809124,0.07971078455886889,0.07301403607607179,0.0815178383616801,0.06479836832218591,0.09004886296040449,0.09635452578103626
2024-04-21 00:00:00+00:00,0.09561629650977838,0.0912871383600487,0.10453537250746578,0.07941631223642398,0.05980753568108058,0.08449587345774003,0.078826727905133,0.07302223864047118,0.08149309184612667,0.06379311554887736,0.09058089074148006,0.09712540656537426
2024-04-22 00:00:00+00:00,0.09570880971044367,0.09084811830627094,0.10554099046695235,0.07940040526668783,0.05951046370907197,0.08446172617666028,0.07847834881233903,0.0731745729951616,0.08234464988691184,0.06380467746430185,0.09016898102103958,0.09655825618415904
2024-04-23 00:00:00+00:00,0.09574075714205713,0.09030369456061958,0.10548714620002488,0.07923491787384586,0.059651941085825014,0.08460119849268738,0.07808990072375331,0.07334558572291096,0.08258143915014915,0.06387615170088945,0.09040442517627185,0.09668284217096547
2024-04-24 00:00:00+00:00,0.0958575989388091,0.09030540328967607,0.10567772719030091,0.07917103236990518,0.05962396844955528,0.08454296603420346,0.07817667799853507,0.07332436049707396,0.08259713176241128,0.06375577746789687,0.09037507957999537,0.09659227642163745
2024-04-25 00:00:00+00:00,0.09590692010581349,0.09028866971841591,0.10586224401315313,0.079319127275271,0.05969063966634013,0.08450554771427579,0.07793531748301365,0.0734013900242806,0.08220902731782274,0.0640529373807032,0.0903947120286875,0.09643346727222278
2024-04-26 00:00:00+00:00,0.09591172905664101,0.09032643669052189,0.10599628948750363,0.0793348904307801,0.05971617972773058,0.08460727535709103,0.07794344831146782,0.0733906190966543,0.0821590386361322,0.06373302686274986,0.09041574615737531,0.09646532018535232
2024-04-27 00:00:00+00:00,0.09563064946096583,0.09031180788414778,0.10603806876678908,0.0793178762483162,0.05966853676225193,0.08494582269818697,0.07803123062201064,0.07378673113650547,0.08274989635073508,0.06350640700409149,0.08956900623675416,0.09644396682924533
2024-04-28 00:00:00+00:00,0.09537713915922581,0.09078055989856235,0.10616697472948283,0.07931014264571402,0.06019239114986913,0.08487255814854544,0.07802443756531446,0.07356308423890193,0.0828324175709388,0.06343191423910899,0.08898039041459332,0.09646799023974291
2024-04-29 00:00:00+00:00,0.09707102991843913,0.09022299912242192,0.10651421356497891,0.07877340087489489,0.06263890632747862,0.08429340738122763,0.07750963527794756,0.07302298093191764,0.08243560188840698,0.06328559859618617,0.08837056443527501,0.0958616616808256
2024-04-30 00:00:00+00:00,0.09754335272159938,0.08972265357105498,0.1069651115383249,0.07850645263549413,0.06234854674088753,0.08430640790429886,0.07701071908994866,0.07319672842850315,0.08225338856988204,0.0632009240646346,0.08938470335574226,0.09556101137962951
2024-05-01 00:00:00+00:00,0.0969069668264057,0.08956509832193717,0.1049761925481008,0.07907565093774364,0.06491273499743427,0.08690795997772074,0.07711056530670615,0.07361747671975712,0.0827205541762478,0.05969895559845809,0.08875959875911284,0.09574824583037576
2024-05-02 00:00:00+00:00,0.09560003779479866,0.08996033621695126,0.1040694670887636,0.07906985555029164,0.06461691757377142,0.08657041055263662,0.0768194834954931,0.07394605707275159,0.08221431305368546,0.059246268314395494,0.09152703621406491,0.09635981707239624
2024-05-03 00:00:00+00:00,0.09447420382881742,0.0892984959705036,0.10298067589997197,0.07801954716954232,0.0643274688816618,0.08579708147179055,0.07646484389748572,0.07335592745027068,0.08124613459919043,0.06687477288021419,0.09114358904520936,0.0960172589053418
2024-05-04 00:00:00+00:00,0.09386148381993616,0.08933821933277451,0.10188136798022081,0.07778382838230077,0.06626157229910512,0.08619897763350844,0.07597662384571192,0.07311225531938256,0.08138869921588746,0.06763749581977538,0.09097216551521677,0.09558731083618005
2024-05-05 00:00:00+00:00,0.09260720673844312,0.08920710910018054,0.10064463969670023,0.07635004761843762,0.06754460796182057,0.08701305492508433,0.07713656530442405,0.07253527866552609,0.08159790351347954,0.06575949152857483,0.090538791390075,0.09906530355725417
2024-05-06 00:00:00+00:00,0.09194192527785153,0.08841756832390507,0.10268957522532758,0.07866161366177953,0.06678245934738543,0.08685618289657872,0.0761114684331914,0.07220022174088504,0.08201865161989572,0.06643246340195831,0.09005627625224923,0.09783159381899244
2024-05-07 00:00:00+00:00,0.09361113831267227,0.08731820631915546,0.10659203382757818,0.07761204381912086,0.06571368582736187,0.08562921749124079,0.07514827962368022,0.07121065915619221,0.08111553484896801,0.0709869428255538,0.08862392021036646,0.09643833773810992
2024-05-08 00:00:00+00:00,0.0933018517541933,0.08734835655575686,0.10668743332366493,0.07765403553769205,0.06581556036039025,0.08572581919293394,0.0751768254767056,0.07119557617674796,0.08102231342133864,0.07114124124042101,0.0884489095804126,0.09648207737974274
2024-05-09 00:00:00+00:00,0.09293117829605879,0.08707622232796147,0.10632384307627293,0.07749683240837017,0.06642381039354929,0.08406225175453391,0.07420637990085943,0.07533043177879961,0.08071792583718626,0.07089807118903979,0.08836554292505269,0.09616751011231574
2024-05-10 00:00:00+00:00,0.08882144063793293,0.08735739627611731,0.11075269679975232,0.07791868726613459,0.06507956863675039,0.08462702927226123,0.07382350430152128,0.07505697510153106,0.08147024462285846,0.06907594698930736,0.08907281987949751,0.09694369021633571
2024-05-11 00:00:00+00:00,0.08640975148705125,0.09674832376670858,0.10740815493160277,0.07663466377261759,0.06243848755767684,0.08372774069834127,0.07496352279269691,0.07234513550610197,0.07817437877100959,0.06825449218964164,0.10093958999794161,0.09195575852860982
2024-05-12 00:00:00+00:00,0.08569616457101975,0.09697146913757751,0.10692833305106628,0.07620234402715394,0.06264249294463246,0.08341563380254137,0.07743183270301206,0.07170475715215777,0.0781469390158773,0.06765584587617272,0.10200656862820237,0.0911976190905862
2024-05-13 00:00:00+00:00,0.08557993072316394,0.09391928229683609,0.12827097381403416,0.07465433728114866,0.06075474823190963,0.081076539092775,0.07528294171271946,0.06960090045329288,0.077050289711666,0.06658414883524155,0.09905745607388382,0.08816845177332878
2024-05-14 00:00:00+00:00,0.08734380136807698,0.09356742852175627,0.12934653468376256,0.07426339561479535,0.059608362612312615,0.08078602983853972,0.07496256900088837,0.0693431313085301,0.0770645502107658,0.0671186993626633,0.09902260543361233,0.08757289204429664
2024-05-15 00:00:00+00:00,0.08703165390440941,0.0937184559316482,0.13109691253766864,0.07436057689761025,0.05960805498902645,0.08015699346805533,0.07528169705050379,0.06933582608319871,0.07730395106799216,0.06544666989389947,0.09878002990643378,0.08787917826955384
2024-05-16 00:00:00+00:00,0.08568145343846842,0.09363090527907286,0.13968021300649106,0.07578020552261269,0.06116868649707579,0.0816516440454438,0.07563606693903029,0.06720514735968937,0.07669784468280254,0.06029334660437914,0.09942032150358637,0.08315416512134743
2024-05-17 00:00:00+00:00,0.08987523383227564,0.09284607544857544,0.13843213816563676,0.07542237097312682,0.061510430668179954,0.08084521479473673,0.07685755065333598,0.06685917113518906,0.07601732378139699,0.060468426710488576,0.0985827708252424,0.08228329301181551
2024-05-18 00:00:00+00:00,0.08551891334808599,0.09324183117979434,0.13880386164740074,0.07565105451131887,0.06232297004798094,0.08111853047324437,0.07688876785180362,0.06753960799148227,0.07661481510534389,0.061845571473887015,0.09886794580827236,0.0815861305613857
2024-05-19 00:00:00+00:00,0.08935586673556449,0.09313319206089152,0.14566146842737246,0.07589084490177393,0.0613534032394166,0.07854029349703726,0.07831378992285926,0.06588824216755264,0.07416795294233124,0.0601750247602069,0.09734291750370777,0.08017700384128597
2024-05-20 00:00:00+00:00,0.0946373734878939,0.08992838522536417,0.1623358680930646,0.07302161423826192,0.06003596091253733,0.07578297995695962,0.07552654191424416,0.06346671170400901,0.07203881843954793,0.059023910405159086,0.09406365505925648,0.0801381805637018
2024-05-21 00:00:00+00:00,0.08487636455788616,0.09046614685034793,0.16489204375495353,0.07440770747182834,0.060487674166031104,0.07710255588803741,0.07669170702143559,0.0642413475781401,0.07218382466160722,0.05936398233726641,0.09514998761375713,0.08013665809870917
2024-05-22 00:00:00+00:00,0.08193711741929313,0.09220926609635464,0.15780043961392898,0.07556618783918008,0.06113903360585297,0.07812955618497723,0.07778939128816667,0.06517857076973466,0.07309498414807068,0.06026938046711278,0.09658997360529492,0.0802960989620334
2024-05-23 00:00:00+00:00,0.0820792568772362,0.09222733317256519,0.15772361679764266,0.07554536876207232,0.061030780533307016,0.0781496128878492,0.07766855483762883,0.06525254369687197,0.07311732345421762,0.06129051713911957,0.09645277749433682,0.07946231434715237
2024-05-24 00:00:00+00:00,0.08352336778214839,0.09220785606506272,0.1562389439536901,0.07516887371327988,0.06140396534446949,0.07756024827035404,0.0776336549737431,0.06511758424194458,0.07316008134611053,0.06135271384051027,0.09700494837815393,0.07962776209053292
2024-05-25 00:00:00+00:00,0.08274449255081875,0.09181446366139705,0.15886162418822497,0.0748636452593696,0.06110673887370365,0.07727724103015528,0.077552592296229,0.06451179719208748,0.07281426646970549,0.06166216546153508,0.09663813136397365,0.08015284165279979
2024-05-26 00:00:00+00:00,0.08254399116494428,0.09163165304000834,0.15845659753780547,0.07462760535733663,0.06072796908748168,0.07712421575373697,0.0777959074382647,0.06443087414568358,0.07264554980199618,0.061692526842670695,0.09820885845226544,0.08011425137780609
2024-05-27 00:00:00+00:00,0.0823723251281615,0.09163699111111064,0.15838851850468597,0.07464057405381685,0.06065603485211408,0.0770438369473607,0.07776704107290028,0.06440343842504333,0.07247905463963278,0.062082786394382077,0.098385141139072,0.0801442577317198
2024-05-28 00:00:00+00:00,0.0817893677852866,0.09153226498365635,0.15895943875830587,0.07459528029342548,0.06411851451301044,0.07690162161380451,0.0775780805916596,0.06429994034256437,0.0723904198721088,0.06210784375227917,0.09825549994946997,0.07747172754442876
2024-05-29 00:00:00+00:00,0.08049421664468075,0.09003372532305459,0.16358904205666336,0.07294111125272587,0.0631298929659028,0.07556376221331296,0.07634790942299566,0.06321888714466034,0.07111805140771978,0.061230797635469895,0.10625681425443567,0.07607578967837826
2024-05-30 00:00:00+00:00,0.0802998646682038,0.08972537939299706,0.16347917041244228,0.0724516706982865,0.06359272194994757,0.07534176683828679,0.07593294630168033,0.06308503901768822,0.07071415239206955,0.06118448927801738,0.10840300889826478,0.07578979015211607
2024-05-31 00:00:00+00:00,0.08088456526805932,0.08915428763198527,0.16334290721042058,0.07200192830395416,0.06537816997465565,0.07520531238626194,0.0756054501779013,0.06250347273322417,0.07049193406765425,0.06187514035812152,0.10797845833097211,0.07557837355678979
2024-06-01 00:00:00+00:00,0.08069639760286872,0.088143944150857,0.16699689726126632,0.0711354427509767,0.0653383545702591,0.07444865929313871,0.07475963957701602,0.06170743244087963,0.07050829985973654,0.06155559558716383,0.10872256373429273,0.07598677317154454
2024-06-02 00:00:00+00:00,0.08035760596736743,0.08637466291779256,0.16464561851202106,0.07107452866118055,0.06611771895040126,0.07733327268052022,0.07383245695349436,0.06155000842958333,0.07126842812394639,0.06092125081105928,0.11185312790428727,0.07467132008834644
2024-06-03 00:00:00+00:00,0.07978800188943325,0.085732866737821,0.16387449595325065,0.07053657824889478,0.06591760040246833,0.07706037429984444,0.07333389767557578,0.06105982272487457,0.07078943212315073,0.060546920422130696,0.11723044908504829,0.0741295604375074
2024-06-04 00:00:00+00:00,0.08015487764253766,0.08603809436244424,0.16125834899276018,0.07089520460994009,0.06637343682282476,0.07662240786636662,0.0737278616289735,0.06093294905913463,0.07117529929391755,0.06084630002400193,0.11778090699561379,0.07419431270148501
2024-06-05 00:00:00+00:00,0.08494962020712092,0.09091987059577492,0.11260934842217897,0.07501892552667906,0.07041586063711708,0.0812914651454486,0.07742672397572034,0.06459994549367927,0.07571255440283702,0.06362514126388837,0.1246497201926107,0.07878082413694484
2024-06-06 00:00:00+00:00,0.08471773640655944,0.09076126080956501,0.1113265235229379,0.07500085281989767,0.07064830722639334,0.08140606538157322,0.07886675237347396,0.06406535646112593,0.07574975379674136,0.06348695226358728,0.12512710791963932,0.0788433310185056
2024-06-07 00:00:00+00:00,0.08416236111836266,0.09066020910562116,0.11062859410926629,0.07510641095422545,0.0719075751095498,0.08161964524994783,0.07872324029895904,0.0641675263153298,0.07608327782160543,0.06313587244856783,0.12468632906586934,0.07911895840269535
2024-06-08 00:00:00+00:00,0.08461049710036002,0.09099951611306811,0.10729373472797882,0.07332123706956868,0.07273616311547024,0.0821965955883058,0.07914978778089429,0.0640178294931088,0.07629743177374732,0.06330354664870043,0.12526306570043438,0.08081059488836295
2024-06-09 00:00:00+00:00,0.08456362510026312,0.09068370563891551,0.10729587391889576,0.07242059671473637,0.07344760538743743,0.08206378988305363,0.07817135775584946,0.06387969970359154,0.07579135618701818,0.06314428999166505,0.1279631918174591,0.08057490790111504
2024-06-10 00:00:00+00:00,0.08436445351929167,0.09045366740361754,0.10812485974479061,0.07190225823244503,0.0741791473691253,0.08215481962350336,0.07778957083313516,0.0638264117057256,0.07563716491006607,0.06323482757273502,0.1278013341242914,0.08053148496127327
2024-06-11 00:00:00+00:00,0.0846890740370544,0.09080888887221635,0.10517848956067148,0.07220879791974782,0.07452335803438337,0.08248921589489742,0.07803592272976619,0.06416488114047392,0.07597609495067031,0.06340729873669937,0.127702448256454,0.08081552986696537
2024-06-12 00:00:00+00:00,0.07188323364813004,0.07788849533591756,0.09099404369298342,0.0853820508273419,0.06919271719534024,0.1279217333148461,0.08268978598600628,0.07897701255723055,0.07931032496441902,0.05368463106723004,0.10999965780408291,0.07207631360647196
2024-06-13 00:00:00+00:00,0.06009969955175873,0.10973164483769854,0.0797647524970558,0.08771628543633289,0.061092807875189045,0.11806675981912372,0.072669731625798,0.08224397260278435,0.08405698895866583,0.0440719756536402,0.12260655542538301,0.07787882571656998
2024-06-14 00:00:00+00:00,0.06043094516372811,0.10996804756787693,0.07906225784827726,0.08773014510444253,0.061229506346018286,0.11504207695095035,0.07226396471840034,0.08198043239106374,0.08406791005691924,0.043616736275164665,0.12393885918339512,0.08066911839376348
2024-06-15 00:00:00+00:00,0.06173100765942448,0.11014068905043709,0.0790348996560731,0.08706320895005774,0.06107127311595537,0.11436477144857006,0.07333710402484184,0.08166590801229431,0.08377190567690024,0.04394932015622415,0.12298833405509657,0.08088157819412499
2024-06-16 00:00:00+00:00,0.06181141385974046,0.10936664888461319,0.07919349373199681,0.08716974844656562,0.061101233263135706,0.11456950831017385,0.07343202749079276,0.08169976741254725,0.08314958550463039,0.044204558506358065,0.12333914218265396,0.08096287240679213
2024-06-17 00:00:00+00:00,0.06140772079605991,0.1090586770716446,0.07901909688906107,0.08683788206039617,0.06197043960906323,0.11518292819028508,0.07364081089783253,0.08150446625119502,0.08357165448987407,0.044085586722887135,0.1229149000431668,0.08080583697853437
2024-06-18 00:00:00+00:00,0.06343390729979614,0.10708923706755608,0.08089992316600879,0.08651363052024102,0.0621292586784448,0.11560014681436752,0.07452376190183306,0.07635489013710202,0.08329813282372192,0.04382923612688242,0.12315531645329592,0.08317255901075025
2024-06-19 00:00:00+00:00,0.0642771137670901,0.10865635856074188,0.08261890747228123,0.08690383364229011,0.06119744634781708,0.11569851942324273,0.07495235380249637,0.07115214746954888,0.08410700658298453,0.044531009883838464,0.12094612576625366,0.0849591772814149
2024-06-20 00:00:00+00:00,0.06421130033229416,0.1087195770101015,0.08122728735943069,0.08732420299280948,0.06003148825502985,0.11802056362325997,0.07707458753191641,0.06980823427405705,0.08361247197648405,0.04485692184294118,0.12096156305618085,0.08415180174549476
2024-06-21 00:00:00+00:00,0.0641629758664989,0.1086121669868823,0.08114008627766811,0.0869909190551509,0.05995748648184901,0.11824883504407921,0.07729045052799612,0.06986978177092969,0.08385307081413934,0.04489406873044586,0.1208078161447774,0.084172342299583
2024-06-22 00:00:00+00:00,0.06413258319346707,0.11078504590908984,0.08122767828264386,0.08705907401308369,0.05955619356972264,0.1179144951092295,0.07824803980433166,0.06942666989420945,0.08355296911001783,0.0444964992343512,0.11993774578224728,0.0836630060976061
2024-06-23 00:00:00+00:00,0.06414193156026438,0.1107296905421504,0.08125843270717593,0.08686030504627672,0.0595710267536032,0.1186663504646227,0.0773167683338652,0.06943607286253148,0.08366053503776923,0.04477478928181341,0.11997815895282601,0.08360593845710126
2024-06-24 00:00:00+00:00,0.06358066485618365,0.11079887564336255,0.08059303057081446,0.08641402886358393,0.0592751905310143,0.12065052961207018,0.07811549606824005,0.0691214291553279,0.08412283143183856,0.04453160786972047,0.11914932903283777,0.0836469863650062
2024-06-25 00:00:00+00:00,0.06382068341554505,0.11103878262836,0.08034946662585257,0.0870521092933461,0.059456999945591914,0.12125016520016305,0.07863934708410068,0.06941652827308989,0.08461187126214938,0.04485225406869009,0.11624794274421557,0.08326384945889564
2024-06-26 00:00:00+00:00,0.06379853425378226,0.11075833095182853,0.07975417855158146,0.08718043888668399,0.059148525921129444,0.11996210425348693,0.07866315203065913,0.06902989811766225,0.08448231929081206,0.04505907717047151,0.12006978299953822,0.08209365757236432
2024-06-27 00:00:00+00:00,0.06364178120086993,0.1102669067643019,0.07925838927300756,0.08664925496612887,0.05867864488396964,0.11876710127847029,0.07813661790902364,0.06892780034022832,0.08405861299730275,0.04471270808435826,0.12533890891918387,0.08156327338315494
2024-06-28 00:00:00+00:00,0.0621867509919177,0.11160784590414478,0.07985526742589157,0.08449433074416816,0.05900692702730567,0.11980906358060794,0.07733607145855265,0.06947180603852596,0.08453383541944454,0.04512437843960703,0.12516777340643995,0.08140594956339393
2024-06-29 00:00:00+00:00,0.06111226509679228,0.11252679375333755,0.07953633009465187,0.0852196787393064,0.05916432308008605,0.11940257380635963,0.0777624383735116,0.06945799962164859,0.08433173971827894,0.044996458427951455,0.1250655398884094,0.08142385939966615
2024-06-30 00:00:00+00:00,0.05949971749395526,0.11313393153868709,0.0787878174916414,0.08239976424725569,0.0594818217746207,0.11498408764876303,0.07629293751105545,0.06674375016325058,0.080889669596304,0.048831874231430546,0.14028116075599703,0.07867346754703923
2024-07-01 00:00:00+00:00,0.05908836370550771,0.11479398204044156,0.07860705462639789,0.08395547781192936,0.05898912680037515,0.11382271286253626,0.07484760946570336,0.06596551956913896,0.08229971518415637,0.04911961963259471,0.14208990863837,0.07642090966284854
2024-07-02 00:00:00+00:00,0.05912093682532172,0.11475473566196984,0.07854590890454535,0.08467304659993753,0.059287576726332794,0.11319621637334511,0.0748056143698425,0.06610369335082786,0.0826116184327961,0.04908030794086627,0.1413839144974402,0.07643643031677456
2024-07-03 00:00:00+00:00,0.05905436779345318,0.11372378223639962,0.07918960533213942,0.08431051597777275,0.06300869748797071,0.11188006392366469,0.07483742689281662,0.06601494546058541,0.08218574067600407,0.04893616749959499,0.14051590919458357,0.07634277752501473
2024-07-04 00:00:00+00:00,0.06030304693134195,0.11569664486027435,0.08065849679726564,0.08608196150833237,0.06411829409122762,0.11411027609002598,0.07123657760219686,0.06703956826490261,0.0819762527842847,0.04769298458039361,0.13476015547461725,0.076325741015137
2024-07-05 00:00:00+00:00,0.06274485899264533,0.11529649763269717,0.08364574736521578,0.08679954259582505,0.06659481263756219,0.10517993957696335,0.06917722900944118,0.06985252748443961,0.08690207946468291,0.047592932460269737,0.126393946885492,0.07981988589476578
2024-07-06 00:00:00+00:00,0.06282104480256906,0.11533738816552205,0.0836803428619383,0.08702873973581679,0.06718327840581317,0.10462163148242283,0.0693110175623606,0.07013652607688727,0.0866788793924047,0.04770224357003538,0.1254097197566868,0.08008918818754301
2024-07-07 00:00:00+00:00,0.06325945785185107,0.11473530972496032,0.08412460023506597,0.08392581087894876,0.06769977324374428,0.1052588837892476,0.06900596847613283,0.07068572861298272,0.08786336959161407,0.04820107249656452,0.1252546755432983,0.07998534955558959
2024-07-08 00:00:00+00:00,0.06334899681968399,0.11094327480553391,0.08333958742909901,0.08460000429128059,0.06775411526054342,0.10788699756993496,0.07045739593222317,0.0708496632319124,0.08860891571420852,0.04865147261160931,0.12396536040561866,0.07959421592835206
2024-07-09 00:00:00+00:00,0.06569349214946267,0.110182802553243,0.0822884409862065,0.0839304458673772,0.07231491933246002,0.10477555927403637,0.07103007372590182,0.07100565001795224,0.08808014259194075,0.050223724996765404,0.12152678779642459,0.07894796070822956
2024-07-10 00:00:00+00:00,0.0646323926465685,0.11407050806731532,0.08096082035252557,0.08285933876651011,0.07507018489381286,0.10345220644051611,0.06934881443375741,0.07062079233252806,0.08936306666849422,0.04930815470025896,0.11998158188029538,0.08033213881741731
2024-07-11 00:00:00+00:00,0.06464683144448234,0.11421798257900494,0.0809036771565305,0.08300790676109392,0.07512656904773969,0.1031161508301141,0.06928578212789406,0.07064154239341545,0.08932936297356153,0.04929249813800418,0.11956565601018244,0.08086604053797702
2024-07-12 00:00:00+00:00,0.06455359669169512,0.11480768924278612,0.08083146803934273,0.08290037025692194,0.07529458252125878,0.10296562831013224,0.06919355244232625,0.07064160647232623,0.08915152448135365,0.049292035260782865,0.11941553209267348,0.0809524141884006
2024-07-13 00:00:00+00:00,0.06433289585184986,0.11172668123140327,0.08067598211001985,0.08275441834485968,0.07996782394331046,0.1029333358549234,0.06886235665812397,0.07083699152066306,0.08932193201024813,0.04925113002142863,0.11856506699421902,0.0807713854589506
2024-07-14 00:00:00+00:00,0.06424878927558464,0.10906267633946587,0.0806235945716651,0.0832072719273846,0.07933322895351368,0.10239667350348025,0.06894925999833171,0.07131350777014041,0.0893055096273125,0.05016741021416069,0.11903499914727149,0.0823570786716892
2024-07-15 00:00:00+00:00,0.062262252102021354,0.10610528975734299,0.07747272288509335,0.0818021793515679,0.07706903321391922,0.1010963383035649,0.06758740269658772,0.07560253094082497,0.09207109252293329,0.05502560167853747,0.11775439988855198,0.08615115665905491
2024-07-16 00:00:00+00:00,0.05969552456201801,0.10518971292984043,0.07686088104368256,0.08248583784211767,0.07724765744124339,0.10148050719624437,0.06798567788772002,0.07615633631576961,0.0927416976801902,0.05535810413484642,0.1185002180935215,0.08629784487280595
2024-07-17 00:00:00+00:00,0.06287818725517472,0.09845542448687318,0.07774217867498966,0.08332832740038962,0.07657474066114367,0.10282850400619034,0.06888156119907139,0.07536639326260737,0.08945571266810202,0.05582042896652105,0.1194946590612347,0.0891738823577022
2024-07-18 00:00:00+00:00,0.0626949017649756,0.09270615571982765,0.07823325830484576,0.08382796982820016,0.07709378003950679,0.10347958476459114,0.06891689255738337,0.07573466130465453,0.09004648940085294,0.057735908257145384,0.11976712493256349,0.08976327312545312
2024-07-19 00:00:00+00:00,0.06263157103423563,0.08722199853697861,0.07847938111255126,0.08445974308832362,0.07733624104693965,0.1046568380638496,0.07042632444311125,0.07638983789669133,0.09001692310225612,0.05827804516836591,0.11955543254151868,0.09054766396517835
2024-07-20 00:00:00+00:00,0.06661242323554137,0.08750997616903883,0.07710465928738301,0.08339295695458719,0.07819637300712086,0.10250528333526387,0.07114907520179449,0.07602308920408607,0.09077044103154848,0.05369335599781477,0.11963289748678017,0.09340946908904096
2024-07-21 00:00:00+00:00,0.0694957618554171,0.08589986657993548,0.07822334338354926,0.08285078307226226,0.07826421797209797,0.10183127143586629,0.07068469956495269,0.07543425189943309,0.09024265114796648,0.053532396316100524,0.11872645900617324,0.09481429776624574
2024-07-22 00:00:00+00:00,0.0649002940199503,0.08635041618464835,0.07864396770711415,0.08310159314905252,0.07887364369050374,0.10229958948103264,0.06826177702164499,0.07584951877400002,0.09065274555856286,0.053901150763851366,0.11987618755574254,0.09728911609389651
2024-07-23 00:00:00+00:00,0.06372448085549812,0.08623978246553676,0.07954697223026175,0.08278646512034565,0.08143560120287328,0.10264154955070932,0.06848947936896453,0.0754979343148774,0.09072529669242005,0.053984113042517684,0.11904014271844772,0.09588818243754779
2024-07-24 00:00:00+00:00,0.06312461769467516,0.08619482797237342,0.07964162371377184,0.08289390039429047,0.08062333485277497,0.10199968187570435,0.06778872915656971,0.07665004558273213,0.09081868573437407,0.05410915577817407,0.11919192309789275,0.09696347414666712
2024-07-25 00:00:00+00:00,0.06293242268142205,0.08541661098121686,0.07961863010015935,0.08291374402943699,0.08217514595685499,0.10194267237758863,0.06735135826449949,0.07671513425011306,0.09076549224589255,0.05394380923555926,0.11916149676080345,0.09706348311645337
2024-07-26 00:00:00+00:00,0.06280493442805735,0.08507794786457318,0.07948952820778885,0.08313105198863259,0.08317380712248847,0.10145015865458973,0.06734914886404926,0.07678181734676713,0.09057242002897485,0.053793705116857306,0.11923873419429533,0.09713674618292617
2024-07-27 00:00:00+00:00,0.06163624527803118,0.08435950209384029,0.0788127560614945,0.08220182065465989,0.08160043151913177,0.10060110449214897,0.06693373370895155,0.07617935639889628,0.08930224532314689,0.05290385372622115,0.11782011965912925,0.10764883108434818
2024-07-28 00:00:00+00:00,0.061561920884775544,0.084135938010721,0.07866169459687267,0.08248551287777607,0.08169558196886541,0.1006413751102563,0.06686241232581548,0.07613716589213362,0.089247659938563,0.05278534985002927,0.11822467182654434,0.10756071671764718
2024-07-29 00:00:00+00:00,0.06161271592449461,0.08416586962353392,0.07873007444707925,0.08255448260982183,0.08173937567905462,0.09991770559573092,0.06693456732055225,0.0760595784681684,0.08959325886468976,0.052903140065268535,0.1182166906605267,0.10757254074107936
2024-07-30 00:00:00+00:00,0.06129935871343186,0.08438626382412963,0.0784312061810359,0.08244074672703935,0.08176927875207733,0.09947065682976151,0.0667628126954673,0.07704400142566849,0.08954713946691797,0.05280956049934872,0.1190887690140109,0.1069502058711111
2024-07-31 00:00:00+00:00,0.061262445671293526,0.08329437492367159,0.0783677543655452,0.08243974263809742,0.08147289895124385,0.09957684633568045,0.06696823509953602,0.07714260006611837,0.0896309710175585,0.052846877246385704,0.11872280430495406,0.10827444937991537
2024-08-01 00:00:00+00:00,0.060944389438763645,0.08353632348456669,0.07852646079190459,0.0823024922339474,0.08127536601891086,0.09993291680921457,0.06678909855276874,0.07899445400772759,0.08980380725237266,0.052765756401558304,0.11903273292220891,0.10609620208605593
2024-08-02 00:00:00+00:00,0.06079466220289721,0.08260989730614576,0.07797815883657923,0.08246317071559421,0.0815135639487393,0.10017160168544498,0.06695243457430583,0.07925686268871655,0.08988923065098854,0.05283302594659297,0.11917084559281703,0.10636654585117834
2024-08-03 00:00:00+00:00,0.0610428349134948,0.08378998503915071,0.0814340106624842,0.08428874700952385,0.08321109384966593,0.1061513964851505,0.06234131474436213,0.08282800003739217,0.09140126725061769,0.0541062541217109,0.11947748588019694,0.08992761000625013
2024-08-04 00:00:00+00:00,0.05937011073895775,0.0813824243802158,0.11089748108073828,0.08171707650438678,0.0805539902835076,0.10301799667976166,0.0602884167140191,0.07972155618584717,0.08827315026863279,0.05255048808946453,0.11592275032379179,0.0863045587506767
2024-08-05 00:00:00+00:00,0.06065862956702629,0.0829273176380707,0.11174431342561601,0.08140590949747031,0.08175034148838395,0.10186460879827823,0.05986211875044293,0.08154925291855047,0.08744792630823274,0.05370465038906456,0.11709468403476936,0.07999024718409453
2024-08-06 00:00:00+00:00,0.06388962468313256,0.08750962500962654,0.11288355378341872,0.08271597284024153,0.08242186492044833,0.10050469398937366,0.06094505788975192,0.0832716269746671,0.0890295622599296,0.055778443251747724,0.1110316575361527,0.07001831686150975
2024-08-07 00:00:00+00:00,0.06005429530009031,0.08796439696955374,0.11776077294642304,0.08644107444617538,0.08137176061089631,0.09902195479347563,0.05937398721213768,0.08461033728903661,0.08869553413422071,0.05554265921846832,0.11047291245227273,0.06869031462724945
2024-08-08 00:00:00+00:00,0.059942237854314864,0.08776328147545052,0.11671194853825428,0.08872943019629789,0.08138919407017023,0.09866587013786525,0.059720919012578186,0.08504768949300118,0.08908120465886588,0.055611635659638135,0.10908363600061223,0.06825295290295132
2024-08-09 00:00:00+00:00,0.062174731331033045,0.0910374297206119,0.1130589466026901,0.09175901139861438,0.0790753067084497,0.09822227436151539,0.06033622749785307,0.0834569553613969,0.08903474091703792,0.05636379402174698,0.10690969814384363,0.06857088393520715
2024-08-10 00:00:00+00:00,0.0618196358603371,0.08822147738744675,0.11883257974883442,0.09127038585366584,0.07851407520045067,0.0978319056765086,0.06020813795297792,0.08312119273510468,0.08865054144595573,0.05637317544112329,0.10682498212221062,0.06833191057538442
2024-08-11 00:00:00+00:00,0.062238379486345675,0.08965323211459289,0.11753643877417089,0.09059675932210662,0.0793861487692277,0.09738411931996785,0.05926994821491766,0.08145633301827963,0.09329190933262979,0.056704932788122185,0.10549729686557438,0.06698450199406487
2024-08-12 00:00:00+00:00,0.06170861206782911,0.08938353910281213,0.11442430798300064,0.09366614155000086,0.08212704522746048,0.09527025781149882,0.05992256324211512,0.0786308818598595,0.09612368654968835,0.059132224000510096,0.10361997804265632,0.06599076256256867
2024-08-13 00:00:00+00:00,0.06190800545031704,0.0902953289784753,0.11401434587223085,0.09683760323752537,0.07964297388852011,0.09320921508543396,0.06064929017658161,0.07802015046365059,0.09772166398982368,0.058835667614634574,0.10316964701326771,0.06569610822953921
2024-08-14 00:00:00+00:00,0.06187557627415479,0.09019927103965777,0.1138031915764368,0.0975380347364253,0.07968110828172258,0.093389850730123,0.06059787425808863,0.07842018664606631,0.0978522476591093,0.05850415950851631,0.10250102164261958,0.06563747764707974
2024-08-15 00:00:00+00:00,0.06189627945804032,0.0907141274373118,0.11375800938958465,0.0970299073219447,0.07913993590558109,0.09284099053868416,0.06056200614906927,0.0780251527236041,0.09915212243593002,0.05850548148999875,0.10277781312916474,0.06559817402108645
2024-08-16 00:00:00+00:00,0.06256377999278821,0.09103567771836019,0.11414242471991586,0.09785402881677588,0.07941294833814334,0.09067044610565612,0.06069812559263921,0.07813880346373343,0.09834251215037852,0.05861255560827458,0.10270875044878809,0.06581994704454645
2024-08-17 00:00:00+00:00,0.061806957736898975,0.09226197280569444,0.11242428233926825,0.09872587509378793,0.08034971502319692,0.08677139682382,0.06006286008111502,0.08223003701009003,0.09900864776117899,0.05967365596640042,0.10183990479078263,0.06484469456776654
2024-08-18 00:00:00+00:00,0.060983652157099125,0.09085933370487374,0.10901237700885441,0.09864684784637648,0.08248849529727809,0.085888628501153,0.05933420546972651,0.09094491261330744,0.09760773823453005,0.05822248829183995,0.10236412730589167,0.06364719356906955
2024-08-19 00:00:00+00:00,0.060879871317032076,0.09064697612405295,0.10867154714237978,0.09761360373975626,0.08227560142089525,0.0856397428258796,0.059050116945075726,0.09305355576074438,0.09803121581950161,0.058063680813187794,0.10227063895632207,0.06380344913517272
2024-08-20 00:00:00+00:00,0.06091557148030093,0.09071417370736456,0.10824678642068927,0.09805960800455776,0.0822913829994237,0.08562509609177987,0.05915977048495419,0.09307200778982314,0.09769326754643534,0.05810173364428754,0.10235000263370347,0.06377059919668007
2024-08-21 00:00:00+00:00,0.0609906626287459,0.0907405350792166,0.10840334814917664,0.09823160371829097,0.08169617303156612,0.08588799626589788,0.05924143913691042,0.09283402943157934,0.09754778602606004,0.05849478033839292,0.10229762745396949,0.06363401874019359
2024-08-22 00:00:00+00:00,0.06191469849335297,0.09207165986228139,0.11006072542440591,0.09997776919155235,0.08291789862087189,0.08726851526782632,0.06054657008134962,0.09353318966436257,0.08428784709218744,0.05908638767826097,0.10386925926321224,0.06446547936033652
2024-08-23 00:00:00+00:00,0.062117131498320634,0.0921424905819901,0.11040158143552892,0.10006633990148006,0.08287203343747165,0.0870991628277218,0.06008599499637848,0.09383924212487983,0.08412687104675652,0.059112050267331136,0.10375209462077495,0.06438500726136605
2024-08-24 00:00:00+00:00,0.062210371159986094,0.09231483462601194,0.11221913636937568,0.10018740376069978,0.08275202077059642,0.08640410823162,0.0594964601741694,0.09232356349143683,0.0842535291218522,0.05868087449589862,0.10447364557439878,0.06468405222395424
2024-08-25 00:00:00+00:00,0.062384589579262614,0.09226156354753431,0.11370370616999644,0.10043237162544544,0.08414262485109089,0.08689698793955236,0.05950394016965413,0.09310678587886584,0.07886854462070791,0.058849764394535646,0.10477675938113865,0.06507236184221593
2024-08-26 00:00:00+00:00,0.06308830452614124,0.09339413420993359,0.11505134056715859,0.10118225454320974,0.0848489317411156,0.08680485365606215,0.06017417863787137,0.09309358638775339,0.0710576719178004,0.05965945955730961,0.10600859235077609,0.0656366919048682
2024-08-27 00:00:00+00:00,0.06454081314649812,0.09251814236049535,0.11437224696563612,0.105171875377988,0.0846855937709619,0.08638813894127562,0.05984603156140083,0.09246060215996954,0.07066942296547636,0.05793329169281596,0.10578992578126968,0.06562391527621268
2024-08-28 00:00:00+00:00,0.06603183399597203,0.0931731760247544,0.11586711339515235,0.10493391725530275,0.08034078032869418,0.0859158195195077,0.05995439337609385,0.09260188964542693,0.07085230452579627,0.05795872100131234,0.1063120785710754,0.06605797236091196
2024-08-29 00:00:00+00:00,0.06597177890726537,0.09314367719050172,0.11596577478400354,0.10459334547219315,0.08032920765212566,0.08596634894776034,0.059930890576857763,0.09258572301046428,0.07094226039298154,0.0577867992911913,0.1066722603789078,0.06611193339574764
2024-08-30 00:00:00+00:00,0.06580634694389792,0.09281014404698133,0.11635171633802203,0.10501071941563266,0.08028979554779815,0.08397154996320735,0.06038286357099527,0.09259406825986108,0.07089985794256029,0.05846422349699234,0.10638876122866567,0.06702995324538584
2024-08-31 00:00:00+00:00,0.0658275307769055,0.09272499260953179,0.11657616959282896,0.10560204563618389,0.07972657287462832,0.08444403872602116,0.06036209008406283,0.09173971382496354,0.07107214656430934,0.05864583734839605,0.10621861071746026,0.06706025124470849
2024-09-01 00:00:00+00:00,0.06562295056380389,0.09295001030881607,0.11650101171277362,0.10553036531591518,0.07975876870798379,0.08481355111876719,0.06041677985832753,0.0910537733659343,0.07118433101196443,0.05860131818226964,0.1064769463285742,0.06709019352486999
2024-09-02 00:00:00+00:00,0.06351731837655547,0.09030423528466831,0.116826372380084,0.10427862948880302,0.07993698847859321,0.08466136060345927,0.06259442063376452,0.08597006967055904,0.07214055146510685,0.06201903582306151,0.10992551189077136,0.06782550590457345
2024-09-03 00:00:00+00:00,0.06070365705179216,0.08637792562869767,0.12065627560249562,0.10179655317710709,0.07941970016347824,0.08810967287988093,0.0641902390244495,0.08060604661370868,0.0693937225563493,0.06794750519287714,0.11598192219257865,0.064816779916585
2024-09-04 00:00:00+00:00,0.06090079518527623,0.08651034857409448,0.12240590313714758,0.09725501972801229,0.07911812079582387,0.08758857651727119,0.06436830400691922,0.07976010354381473,0.06965303556620357,0.0686264220412608,0.1198967066802251,0.06391666422395105
2024-09-05 00:00:00+00:00,0.059951045219462665,0.08577144758813764,0.12205039173186735,0.10331499096369236,0.07861132325455748,0.08709525698882832,0.06446787548990968,0.07881177068496967,0.06891081325903041,0.06793782232407487,0.11967171400393188,0.0634055484915378
2024-09-06 00:00:00+00:00,0.059071419190418015,0.08614660153381855,0.1271096636989243,0.10090593768756541,0.079046046776697,0.08789064950151201,0.06384174990302235,0.07779616379224648,0.06788601836024252,0.06719363633410644,0.12094829192844435,0.062163821293002575
2024-09-07 00:00:00+00:00,0.059675713789594236,0.08528684034537633,0.1263545668837998,0.10156380869590666,0.07718922014943361,0.08912373011982241,0.064112475428667,0.07683549709915262,0.06848445919463024,0.06740519708129317,0.12272928991909186,0.06123920129323218
2024-09-08 00:00:00+00:00,0.05979167275350572,0.0855840770860491,0.12662076057221383,0.10167927166559251,0.07698314495338754,0.08863828808403285,0.06473281385675247,0.07707542996272636,0.06872146428381365,0.06779247509870953,0.12306383173311723,0.05931676995009924
2024-09-09 00:00:00+00:00,0.05979993047437279,0.08577660939312319,0.12685187745202756,0.10113463870896551,0.07709452527518701,0.08884076332202875,0.06425412122783491,0.07715034348821613,0.06898664828645053,0.06762545227732551,0.12321846323543496,0.05926662685903319
2024-09-10 00:00:00+00:00,0.05982733460735764,0.08649876328951009,0.12690301810104324,0.10184476665396544,0.0741806736454366,0.08935796360591293,0.06472588598886786,0.07679111053748516,0.0695777971593288,0.06666572053652384,0.12407932771627024,0.059547638158298145
2024-09-11 00:00:00+00:00,0.059791779762343435,0.08814851100050108,0.12662611849575223,0.10203980540693318,0.07368984025587541,0.08897851390846676,0.0648729481661648,0.07661208258606349,0.06935037854057913,0.0661026114671019,0.12430769322345955,0.059479717186759186
2024-09-12 00:00:00+00:00,0.05975861528291039,0.09001693960229598,0.1260971853462538,0.10195116990822023,0.07320327877054736,0.08755346482802802,0.0647782113144705,0.07681978036014282,0.07006208507346383,0.06600325043216097,0.1244478978932341,0.059308121188272
2024-09-13 00:00:00+00:00,0.05964964855086017,0.08885603070649314,0.1268701464509857,0.10122514172984365,0.07331540747906215,0.08778157859671869,0.06510607216440002,0.07703002432366009,0.07021439589669425,0.06586336226126226,0.12454846016742292,0.05953973167259697
2024-09-14 00:00:00+00:00,0.0623082355085303,0.08902909100728401,0.1303674380988844,0.09903351486728591,0.07325649284038538,0.08739016892684558,0.06468920517337225,0.07654802413279971,0.0696383507741533,0.06536813412073843,0.1227972038286434,0.059574140721077196
2024-09-15 00:00:00+00:00,0.06204873330123538,0.09070316236177925,0.12975215720886185,0.09865048329718269,0.07380909549735146,0.0869369245512181,0.0644215933716103,0.07745285063506772,0.07154974764715108,0.06439388406702147,0.1209606142245931,0.05932075383692767
2024-09-16 00:00:00+00:00,0.06281681988714703,0.09411117251368742,0.13073688322465113,0.09965104738651151,0.07405680508051635,0.08717335072172,0.06412755117167447,0.07782090312294458,0.072051101394522,0.06321540457293601,0.11498556942311894,0.05925339150057033
2024-09-17 00:00:00+00:00,0.06283631248150467,0.10123686706940216,0.1287062558997389,0.09933809879873466,0.07354013290154739,0.08582257890325619,0.06352962014094889,0.07719507358207202,0.0716313849409885,0.06282408728583894,0.11453691042463879,0.05880267757132906
2024-09-18 00:00:00+00:00,0.06610829232650968,0.1010091215965274,0.12805054202413682,0.09904198955500441,0.07278383790554944,0.08493302461943605,0.0633614795222354,0.07408214570409509,0.07194768910684404,0.06612766078814629,0.11382039097653977,0.058733825874975464
2024-09-19 00:00:00+00:00,0.06754661693828146,0.10365217128758109,0.1278626334675414,0.09817144921755828,0.07355529182949701,0.0853812805910892,0.06269337363166147,0.07459307442878416,0.07250538897190434,0.06162693074077758,0.11446573873400456,0.057946050161319554
2024-09-20 00:00:00+00:00,0.07410803795393939,0.10297325426539003,0.12665009179414455,0.09622190894182378,0.07387029776877649,0.08488437540681301,0.06360060405076204,0.07370796991848326,0.07200912877149686,0.060867973964925985,0.11363895380741812,0.05746740335602652
2024-09-21 00:00:00+00:00,0.07437304454562325,0.102908468755526,0.1265071409880363,0.09699221118208205,0.0734462834049293,0.08515377677618735,0.06330951031824437,0.07368016200974181,0.07165912939185978,0.06057067235576949,0.1137465594451999,0.057653040826800284
2024-09-22 00:00:00+00:00,0.07672555483854207,0.10384268974399813,0.12239790298491912,0.0976663666134879,0.07136976548698921,0.08619843882045632,0.06469505259368323,0.07400166852795265,0.07254162713264985,0.058340723618636,0.11406852889134574,0.05815168074733975
2024-09-23 00:00:00+00:00,0.07652263884630015,0.10603704179660105,0.12294280537440713,0.09835699916574078,0.06935730193213506,0.08635484927725427,0.06531951271113558,0.0736313177673469,0.07284402485171855,0.057294335021191446,0.11320451691860019,0.05813465633756878
2024-09-24 00:00:00+00:00,0.0774449460711513,0.10748111926612947,0.11747285311749793,0.09891789070942479,0.06970712524164206,0.08661898363746086,0.06604494586263568,0.07384784235418174,0.07333608019922046,0.0576457551854089,0.11304164760754982,0.05844081074769708
2024-09-25 00:00:00+00:00,0.07863621807109797,0.10730096321579594,0.1173012128939182,0.0995764913421334,0.07031452456463098,0.08459555661096751,0.06559413453202825,0.07361215598516269,0.0737840726686077,0.05786015616426078,0.11339155938231266,0.05803295456908386
2024-09-26 00:00:00+00:00,0.07878151533409082,0.10807591636026703,0.11256006625061225,0.10022748369345463,0.07080302341441168,0.08493951231906527,0.06546176800344707,0.07410385250726889,0.07429227703326542,0.058176564408795296,0.11414865468576683,0.058429365989554755
2024-09-27 00:00:00+00:00,0.07797059684548575,0.10920048006477452,0.11329839498770673,0.1007315806086436,0.06884617874524447,0.08437638775145247,0.06513604866816017,0.07463635255594706,0.07507814514834818,0.05828970642902576,0.11360894618345098,0.05882718201176032
2024-09-28 00:00:00+00:00,0.0781495250290644,0.10956064249334879,0.11321445300828256,0.10105820119496166,0.0683023982415646,0.08486713575953671,0.06508505150523698,0.07481131601448761,0.07545248979220932,0.058451899216297336,0.11172734431759472,0.05931954342741529
2024-09-29 00:00:00+00:00,0.07815678047010917,0.111144471967864,0.11344574651569765,0.10050179417531527,0.06787441536868453,0.08472988790844123,0.06435099055798868,0.07477097323755025,0.07535766508277812,0.05804724130882084,0.11231308546044834,0.059306947946302015
2024-09-30 00:00:00+00:00,0.07909296611814064,0.10785823711576444,0.11384475168563966,0.10111987457342893,0.06795575097851568,0.08491025778446833,0.06466509976455016,0.074768578852527,0.07553286390754543,0.05858658519443453,0.11248178250382933,0.05918325152115596
2024-10-01 00:00:00+00:00,0.08026090715489397,0.10923763143338094,0.11627196260083537,0.09721757306163381,0.0668630161250894,0.08396594380438874,0.0649489514465879,0.07290788056824807,0.07679128254572797,0.05946817223357686,0.1125702108961165,0.059496468129520585
2024-10-02 00:00:00+00:00,0.08159330285061016,0.11121306157515282,0.11455868455799145,0.09677353710780778,0.0651465448850865,0.08163613956937155,0.06985869392251055,0.07123469868067783,0.07637546646687092,0.058981907250012136,0.11098139206343574,0.06164657107047241
2024-10-03 00:00:00+00:00,0.08094093498410829,0.1091028687595552,0.11494286707444015,0.09669192405148715,0.06516094309277355,0.08155087039711192,0.07096870225832355,0.07165259171378158,0.07655716880279348,0.059602181198632295,0.11096850943219777,0.0618604382347952
2024-10-04 00:00:00+00:00,0.07938309254273802,0.10670060191152561,0.11682993467623135,0.09798248538525874,0.06413452364263934,0.08162383269033308,0.07302635764771198,0.07141373405674187,0.07669700943827504,0.057531360963183335,0.11061328629613501,0.06406378074922649
2024-10-05 00:00:00+00:00,0.0752251306104745,0.09900280397953554,0.11696408403241879,0.09827590789396912,0.062316939805638585,0.08073823417135373,0.07403581897238137,0.06864009698231106,0.07370122789949646,0.05552809893308093,0.12226280612059931,0.07330885059874058
2024-10-06 00:00:00+00:00,0.08313497667704271,0.0969939793891855,0.11699103323734522,0.09855610304365185,0.0610390993558036,0.08025044148158392,0.07489136653969095,0.06743302959619926,0.07309246009181931,0.054481461397263016,0.12076049234395853,0.0723755568464561
2024-10-07 00:00:00+00:00,0.08231694455548508,0.09701597103789485,0.11703269107385114,0.0977958982251285,0.060609820182026035,0.08002871010096743,0.07501821458259669,0.06737441269261875,0.07298938919438017,0.05388551892175769,0.12311973692964928,0.07281269250364429
2024-10-08 00:00:00+00:00,0.07884214637723776,0.09310470799917299,0.12456862361766083,0.09542255195916867,0.06060896921138764,0.07904632716483126,0.07667677097747655,0.06744444853583403,0.07248630940553331,0.05282482680518758,0.12769787599422286,0.07127644195228638
2024-10-09 00:00:00+00:00,0.07860336228783336,0.09722509602551799,0.1244169114796102,0.0948485211231377,0.060626468702179484,0.0784021351360523,0.07681264775191682,0.06687978415303932,0.07202424950078244,0.052268654939267446,0.12709776086052998,0.07079440804013296
2024-10-10 00:00:00+00:00,0.07861164661172745,0.09692591382454113,0.12542188809941446,0.09458602806202346,0.060646162194056365,0.07836260491748073,0.07682082707203074,0.06670921831841031,0.07209271481661443,0.0523141444405215,0.12700537800174752,0.07050347364143196
2024-10-11 00:00:00+00:00,0.07805570477653398,0.0956115540104218,0.12638476717027647,0.0951507226944328,0.06013989312341063,0.07901337044909755,0.07686665036157454,0.0681394987213969,0.07194539905276028,0.05107052499587003,0.12727157458888405,0.0703503400553409
2024-10-12 00:00:00+00:00,0.0776484703494972,0.094856358886178,0.12738489433943526,0.09188262940073294,0.061132137770500534,0.08116566283528148,0.0763262598721325,0.06808433590988541,0.07263259258591517,0.05099315050863936,0.12761816787646635,0.0702753396653358
2024-10-13 00:00:00+00:00,0.07750290178444028,0.09474407883716948,0.12738411008297443,0.09182237601742986,0.06117690791553264,0.08102160973879854,0.07542525935931198,0.06817167471144482,0.07251409853760368,0.05096443370918361,0.12912466159925237,0.0701478877068582
2024-10-14 00:00:00+00:00,0.07746297664188344,0.09454162070531552,0.12723942009994468,0.09250279162596536,0.06192366297227375,0.08085839655394783,0.0754489503480064,0.06801079906866961,0.07247658003463649,0.05023470003098373,0.12907694577136875,0.07022315614700456
2024-10-15 00:00:00+00:00,0.07562650836774729,0.09319775439873422,0.12586558749975188,0.09279940072364194,0.06135452761223605,0.08452032703335612,0.07599120106795104,0.06829980970565266,0.07324732970440359,0.04938518826903243,0.1293877883670498,0.07032457725044289
2024-10-16 00:00:00+00:00,0.07549872540537705,0.09294021974861481,0.12549634715671276,0.09261384425578477,0.061271159750971735,0.08876186453153953,0.0756929700774108,0.06848738018642656,0.07332018585730563,0.04939522643454021,0.1262733053938132,0.0702487712015029
2024-10-17 00:00:00+00:00,0.07547344897853929,0.09253805172562596,0.12820972673405265,0.09190574816640773,0.060706454200062585,0.08832946116305139,0.07546010480576597,0.06828299636900577,0.07368350765189964,0.049875459470021734,0.12567682439060673,0.06985821634496052
2024-10-18 00:00:00+00:00,0.07574623464513439,0.09309662350397688,0.12882905983686296,0.09269326444438282,0.060906650909738146,0.0884706972301284,0.07587862285630394,0.0689120925706821,0.07423001911166187,0.050016793869066455,0.12086834290179925,0.07035159812026283
2024-10-19 00:00:00+00:00,0.07557215991994594,0.0932889207472132,0.13012112111832977,0.0927006908737853,0.0596855115039759,0.08848616855273027,0.07594282591277517,0.06836987637136926,0.074634720490948,0.05007974127933406,0.12091408068399201,0.07020418254560129
2024-10-20 00:00:00+00:00,0.0750754971777413,0.09360716473063474,0.13040104747879583,0.09275405921797812,0.059262356608944355,0.08871478014261705,0.0762741050470559,0.06867064638418563,0.0749572975862578,0.05009334244675805,0.11951601500450026,0.07067368817453097
2024-10-21 00:00:00+00:00,0.07243520036600101,0.09232093885706302,0.12763577114453498,0.09053266346765927,0.058307440242083564,0.08756910447894205,0.07457579779781784,0.06785248625110943,0.0923523077813269,0.048971761336466114,0.11761939677148402,0.06982713150551183
2024-10-22 00:00:00+00:00,0.07296396443521957,0.09304878162419938,0.1286416143765841,0.0903751706095553,0.05872764105227171,0.08854415001802088,0.0725352628381998,0.0681490702027152,0.09346495928313821,0.04904145676273895,0.11399511018045105,0.07051281861690607
2024-10-23 00:00:00+00:00,0.07256524837106268,0.0920529313727467,0.12700497648029035,0.08971549728164405,0.05809762580650121,0.08935839256313753,0.07495086864807957,0.06840152831255596,0.09266694692121313,0.04896738841089571,0.11599483381504236,0.07022376201683077
2024-10-24 00:00:00+00:00,0.07104173516989414,0.08945495761105919,0.124234189708075,0.08818259106259167,0.05703112775524747,0.08764345875171425,0.07430056987919781,0.06604202865891275,0.11152247450680648,0.047862975219749554,0.11387505491869161,0.06880883675806011
2024-10-25 00:00:00+00:00,0.05871440169691515,0.07418645048390257,0.10382952469530846,0.07380502091976991,0.04777159732682455,0.07441325115653588,0.062000696610475095,0.05559570331934883,0.2580223057597167,0.03994892578578825,0.09420576926026177,0.05750635298515285
2024-10-26 00:00:00+00:00,0.056659063693050196,0.071521557745548,0.10259711743529681,0.07150013188705442,0.04683647720322437,0.0710888495566704,0.05549304896456414,0.0561030895326457,0.2771191095861448,0.03980867095932747,0.09351155673721774,0.05776132669925598
2024-10-27 00:00:00+00:00,0.05199967061722192,0.06595934377505837,0.09507125421585734,0.0673322935147247,0.04552190505310835,0.06753033275882543,0.051407475687846586,0.05234478471593279,0.3254298424327604,0.03662161935552795,0.08715582315149088,0.053625654721645266
2024-10-28 00:00:00+00:00,0.051908822158983445,0.06636498505779678,0.09527919229526159,0.06818953182435408,0.04495683500097452,0.06765232392534865,0.05156943517465868,0.052579349288316174,0.3264507751734193,0.03676358975082056,0.08451145137377697,0.053773708976289185
2024-10-29 00:00:00+00:00,0.050591259071656694,0.06397720265120417,0.0909716944925495,0.06550440931221455,0.039958861694194124,0.06777373726775975,0.04956583190728068,0.050843192619086826,0.3523986787652495,0.03531606517475082,0.0814020657488544,0.05169700129519891
2024-10-30 00:00:00+00:00,0.051002045379619325,0.06443618639572653,0.09103895456987438,0.06579873297988359,0.03890574357387722,0.0677642220526612,0.04992829548904988,0.051357879625565074,0.3539122738291148,0.03529691021531818,0.07889061516471882,0.05166814072459104
2024-10-31 00:00:00+00:00,0.05142429355932401,0.06467905166640489,0.08883083192731646,0.06628304272512196,0.03874479017433692,0.06815954295202468,0.05011997195489943,0.052116816410107646,0.3558045614821921,0.03450898553882374,0.07813755218673525,0.05119055942271316
2024-11-01 00:00:00+00:00,0.05241971266010621,0.06410134225569114,0.08502515553418824,0.06332378303688604,0.03698535518219623,0.06541773420448677,0.04760360007706031,0.05377323786655255,0.3778577548574998,0.03283806416837733,0.07262687692444325,0.04802738323251209
2024-11-02 00:00:00+00:00,0.05323541816827897,0.06576152481521297,0.08122166373363283,0.06308107211260175,0.03540415531605691,0.06118857734138114,0.045276108665912224,0.055487477249339834,0.39276092321942946,0.03104982456116042,0.0690401176869098,0.046493137130083746
2024-11-03 00:00:00+00:00,0.042488923063708064,0.051820952325797004,0.06346385741166452,0.05483920479359466,0.027919997679396426,0.04952212371707274,0.03549273178177548,0.04445873484794635,0.5134411305904004,0.02429774997792865,0.05420998147427907,0.038044612336436606
2024-11-04 00:00:00+00:00,3.2057986395647266e-05,3.8548172210993517e-05,4.603343338799306e-05,4.0443000947573385e-05,2.0592567038250893e-05,3.652348846359964e-05,2.6419340779642365e-05,3.288778920275817e-05,0.9996400242146753,1.794391344978273e-05,4.043348398162289e-05,2.8092609466944057e-05
2024-11-05 00:00:00+00:00,0.08968600208776409,0.10867072080078308,0.12822112831331783,0.11393794224190906,0.05694133034875343,0.10073628859194607,0.07337831185218599,0.08953253037312314,0.0,0.046771887241930606,0.11272367547560555,0.07940018267268097
2024-11-06 00:00:00+00:00,0.08833595230525394,0.1104811937654477,0.12708306785248272,0.11333625199809916,0.05618698453262318,0.10196624605349262,0.07189676113909683,0.08929667529927797,0.0,0.04485215187462646,0.11221376474990277,0.0843509504296966
2024-11-07 00:00:00+00:00,0.0800990035837173,0.11245706021369126,0.13185651987521102,0.11282254704308817,0.05329469938967295,0.10094524649262526,0.07093366351268053,0.08363121225179795,0.0,0.0445278714838665,0.11672868353060147,0.0927034926230477
2024-11-08 00:00:00+00:00,0.07942147513017675,0.11349365973969673,0.13329938367770655,0.11355264801884721,0.053769579065633184,0.09377115470867169,0.0723748869693721,0.08426305766283979,0.0,0.04511406006039136,0.11824259778289413,0.09269749718377057
2024-11-09 00:00:00+00:00,0.08114776150125486,0.11474527158722707,0.13591170604324346,0.11442027252512382,0.055581037867524115,0.08810326654299527,0.0730043062850794,0.08560100541014243,0.0,0.045865534428626724,0.11835548961541911,0.08726434819336372
2024-11-10 00:00:00+00:00,0.0827175183655616,0.11681652698157852,0.1355912850939614,0.1140390931473788,0.05551876647373346,0.07927423554676685,0.0738870836534723,0.08673538595302271,0.0,0.04666427557498171,0.11986174147443537,0.08889408773510724
2024-11-11 00:00:00+00:00,0.08557343901931039,0.12001153160490421,0.1438276942335279,0.10327585027011234,0.04780250772456878,0.06801498745349416,0.07639862476569197,0.09043398330428944,0.0,0.04912872069674863,0.12293546177027113,0.09259719915708117
2024-11-12 00:00:00+00:00,0.08801877665735139,0.12523072037820426,0.14168126960529406,0.09816206832846687,0.043407777788864094,0.07036079005919868,0.07300019854165822,0.09108887551415724,0.0,0.05074728600701112,0.12392099247948746,0.09438124464030667
2024-11-13 00:00:00+00:00,0.09047732322351988,0.11197631137628718,0.14005772870254368,0.09886085329028928,0.04506103297298271,0.07156862810763197,0.07530370921207036,0.092784713658364,0.0,0.05179237497872983,0.1265142110463173,0.09560311343126382
2024-11-14 00:00:00+00:00,0.09022650188354982,0.11613942177734234,0.13971415717980273,0.09726580256685864,0.04497165988687416,0.071476007485796,0.07502669843219999,0.0928225455979143,0.0,0.05102347727944788,0.1265845964780112,0.09474913143220286
2024-11-15 00:00:00+00:00,0.09216756586231006,0.10615303776828959,0.14221667043623368,0.09657008065308179,0.044907806008383615,0.07287049392572655,0.07648803105745453,0.09104720206795337,0.0,0.05223233997452298,0.12857543860823345,0.0967713336378103
2024-11-16 00:00:00+00:00,0.09509522404764369,0.09204312182941415,0.14990590669026493,0.09506618202318483,0.04681226435373233,0.06312882957378373,0.07834067365465953,0.09460283967715971,0.0,0.05433306257751267,0.13365090770691618,0.0970209878657284
2024-11-17 00:00:00+00:00,0.10287298306486808,0.07218857115576441,0.16217315740015553,0.092082274165394,0.05021288881162028,0.06794498448913115,0.08263547285233103,0.09314762838095186,0.0,0.05992423643310817,0.1147441457767853,0.1020736574698902
2024-11-18 00:00:00+00:00,0.09849445983853494,0.07211878761833328,0.1656152988004866,0.09211048879651816,0.05122087099096643,0.06834944114539047,0.08535899768018383,0.08954520303618528,0.0,0.0632036516031035,0.1088679180423331,0.1051148824479644
2024-11-19 00:00:00+00:00,0.10028085165344751,0.07281972812309999,0.16883290957771466,0.08801643285936804,0.05214589205321405,0.069237458898377,0.08800580795622687,0.08775498345782692,0.0,0.06424092189866794,0.11033777813202612,0.09832723539003083
2024-11-20 00:00:00+00:00,0.1010316860912014,0.07290143101579653,0.16920260742127524,0.08789483042430794,0.052212202461923284,0.06943294001420905,0.08780711640000313,0.08770325787588214,0.0,0.06429229346563642,0.10982429815086966,0.09769733667889521
2024-11-21 00:00:00+00:00,0.10057811247565232,0.07246991908505233,0.17464469842736827,0.08733856311172113,0.051993227233442865,0.06778662067325125,0.087149571644092,0.08690396007701992,0.0,0.066289056640879,0.1080582882634403,0.09678798236808064
2024-11-22 00:00:00+00:00,0.09936087318854323,0.07020540317474475,0.17515311251357027,0.08787395585375253,0.05368103407586581,0.06878298117259292,0.08647196212592818,0.08749971024687345,0.0,0.06834956959950596,0.10556644753721456,0.09705495051140837
2024-11-23 00:00:00+00:00,0.10290657718973863,0.06684482937315597,0.19295156346152303,0.08518118507218594,0.05532713393983716,0.061871705506017505,0.07550457922129641,0.08677068154273349,0.0,0.07010902075893433,0.10917242686094747,0.09336029707363018
2024-11-24 00:00:00+00:00,0.10721140821715751,0.06904079077599214,0.19592198942048786,0.06732591874524543,0.057157452324769736,0.06400735440304801,0.07782830787146727,0.08689268399821505,0.0,0.06861440169640454,0.10839822331371436,0.09760146923349801
2024-11-25 00:00:00+00:00,0.10833888170362645,0.06898272046407998,0.21093589491424244,0.06730999443628194,0.057339327636925584,0.06383732084532849,0.07853408665182689,0.074218934683253,0.0,0.06519044418483368,0.10797222502095764,0.09734016945864396
2024-11-26 00:00:00+00:00,0.10646400530961622,0.06974762764903696,0.2082604519129839,0.0673558108732821,0.05717811131590958,0.06378524795736203,0.08067574174690098,0.07325880989925457,0.0,0.06637864306008329,0.1080768889900462,0.0988186612855242
2024-11-27 00:00:00+00:00,0.10681428392758557,0.07008710576868223,0.20481875824336915,0.06764996489392207,0.05747076819866273,0.06416908968660008,0.08135224487536809,0.07346523637719166,0.0,0.06506911248371415,0.10964620893531446,0.09945722660958976
2024-11-28 00:00:00+00:00,0.10685526881481482,0.07070513106301078,0.20192016751319783,0.06822752890455734,0.058160951560835124,0.0646839968809052,0.08270101447499707,0.07349866460815346,0.0,0.06584933428810714,0.10965541207638049,0.09774252981504071
2024-11-29 00:00:00+00:00,0.10664780171008871,0.07078304250484635,0.201536775027486,0.0683438509743678,0.058479692151132,0.06484421946091867,0.0826707416235898,0.07365583551800167,0.0,0.06554341897100638,0.10965266538226731,0.09784195667629529
2024-11-30 00:00:00+00:00,0.10752933038192994,0.06732338168544806,0.20508375036659754,0.06900110920915446,0.05936178022671789,0.06540465426787756,0.082698537688851,0.07480808640024184,0.0,0.06531939138506303,0.1046350526672099,0.0988349257209087
2024-12-01 00:00:00+00:00,0.10802970172729125,0.06637130549284756,0.2032593983687295,0.06841299495623256,0.05961494613376204,0.06555625619589488,0.08368338192260888,0.07516757903200885,0.0,0.06496642922909934,0.10514423012146507,0.09979377682006009
2024-12-02 00:00:00+00:00,0.11090864562021914,0.06439635866900191,0.20644677451907512,0.0692812884224212,0.06070205715658426,0.06619489439559335,0.08536327451699373,0.07629608151316733,0.0,0.06580638760538415,0.09334252181335238,0.10126171576820735
2024-12-03 00:00:00+00:00,0.11562137800147743,0.06455348702121706,0.21780594490453847,0.07257970139568157,0.06392531421974691,0.07001891741153805,0.08338672704323932,0.07764814103662404,0.0,0.06780635853768699,0.09435912323522899,0.07229490719302113
2024-12-04 00:00:00+00:00,0.12258365649927538,0.06735254188124715,0.17250048351384453,0.07691124934504841,0.06727434409924836,0.07430636001280616,0.08808674613964801,0.0825250523738012,0.0,0.07209761949704731,0.10004708158226608,0.07631486505576746
2024-12-05 00:00:00+00:00,0.1225176762051928,0.06656977351718155,0.17288671716449167,0.07626412852960104,0.0672994344885351,0.07446972931235753,0.08817761579416922,0.0827040735236951,0.0,0.07240941705153703,0.10022631366837027,0.0764751207448686
2024-12-06 00:00:00+00:00,0.12331134923458288,0.06640355346916507,0.1715544543594325,0.07672478010696346,0.06753665280136369,0.07470902436162742,0.08774094314334459,0.08254232678028826,0.0,0.07212999793282206,0.1008271145173582,0.07651980329305186
2024-12-07 00:00:00+00:00,0.1233954616888897,0.06606554189140566,0.17278237935643978,0.07689606017100566,0.0678819472114272,0.07463091928609758,0.0875468154244142,0.0821434243484715,0.0,0.07210082238554898,0.10146581925270087,0.07509080898359902
2024-12-08 00:00:00+00:00,0.12369494102117556,0.06601888254173571,0.1719652848183646,0.07709467261749942,0.06816993271161945,0.07462974189604488,0.08768247986717269,0.08214510962931985,0.0,0.07229973586773984,0.10144798818287379,0.07485123084645441
2024-12-09 00:00:00+00:00,0.12366226479121432,0.0659825619670107,0.17207251820017147,0.07696943462056986,0.06836453824069615,0.07452640393701788,0.08748779769044368,0.08224980470865212,0.0,0.07250977608964906,0.10156847600433587,0.07460642375023888
2024-12-10 00:00:00+00:00,0.13105107860811496,0.06701427563959492,0.172826550123286,0.07548511545545677,0.07066743433277839,0.0744938392793268,0.085293650261504,0.07954181626956972,0.0,0.07362357826242368,0.09453874801036331,0.07546391375758146
2024-12-11 00:00:00+00:00,0.1314015708870174,0.06709243964020095,0.17197276268447148,0.07585122514026696,0.07020891500077159,0.07479204095127055,0.08535523445639359,0.07898538361886503,0.0,0.0738730598498093,0.0946791793706401,0.07578818840029306
2024-12-12 00:00:00+00:00,0.13210046967574077,0.06776168422409426,0.16920338132583868,0.07644006225316458,0.07090361195786944,0.07542428065073196,0.08489369512375522,0.0794920194263358,0.0,0.0738230107557071,0.09445782396754947,0.0754999606392127
2024-12-13 00:00:00+00:00,0.1329097693336685,0.06795526053543133,0.17026490519880938,0.07706531687433171,0.07112134382086446,0.07623053194180873,0.08379668762600553,0.08039769776328141,0.0,0.07479137252713154,0.09511494852577411,0.07035216585289314
2024-12-14 00:00:00+00:00,0.1341759672896528,0.06825521379920202,0.16936514185537202,0.07709375347389143,0.07103671714247839,0.07623333405193673,0.08368493332505474,0.08032056026226421,0.0,0.07483857060699349,0.09466198461726223,0.07033382357589194
2024-12-15 00:00:00+00:00,0.13499053355892923,0.0684376116153758,0.16971343331936187,0.07672817074755381,0.07115541859538752,0.07591870228454953,0.08336138119135762,0.08038889011448147,0.0,0.07445725347013252,0.09413259854033515,0.07071600656253557
2024-12-16 00:00:00+00:00,0.13435969075401058,0.06886583662198036,0.1704141488464526,0.07706951986255942,0.07150943934996765,0.0763923828466433,0.08374732046685339,0.08069817089563981,0.0,0.071257670143692,0.09453870352211324,0.0711471166900877
2024-12-17 00:00:00+00:00,0.13312597944478446,0.06906460758555823,0.17119399776520344,0.07705053846197957,0.07160861654763329,0.07611892939077332,0.08377176637197856,0.08078944366824443,0.0,0.07138558658795154,0.09468771471850242,0.07120281945739079
2024-12-18 00:00:00+00:00,0.13046484027544078,0.06946163404741489,0.17199333924857332,0.07743522694428967,0.07204505528849467,0.07640950151037114,0.08393914960678545,0.08135082309362013,0.0,0.07124800551028235,0.09419053008512683,0.07146189438960084
2024-12-19 00:00:00+00:00,0.13257008382460228,0.06884464392242859,0.1713938700834396,0.07859330578789152,0.07266388355183313,0.0776987218674295,0.08371503601636743,0.08272482431217555,0.0,0.0698522585236274,0.09106709214488255,0.07087627996532238
2024-12-20 00:00:00+00:00,0.13339087108348496,0.06926274093158168,0.17102440809354014,0.07912287328534791,0.06966436383237201,0.078273102500767,0.08442589915901073,0.08313350752818718,0.0,0.07007830684008008,0.09142190392141367,0.07020202282421452
2024-12-21 00:00:00+00:00,0.13368279400661065,0.06874356458106297,0.16854572743370363,0.07944520233892452,0.06965703167508633,0.07820095250106195,0.08624164673223737,0.08324233587940635,0.0,0.07008718614621758,0.09224963153937514,0.06990392716631337
2024-12-22 00:00:00+00:00,0.13116780407601106,0.06886234675895156,0.1691604261623948,0.07973753518306545,0.07008779357550157,0.07838472159059812,0.08647518097984515,0.08349546750172772,0.0,0.07005475842040555,0.09261119550160178,0.06996277024989728
2024-12-23 00:00:00+00:00,0.13107288489937383,0.06864963343606396,0.16916780095365536,0.07962073900820074,0.07000989347906944,0.07842803124175049,0.08653564778902736,0.08389832360161778,0.0,0.07006476591962588,0.0924783903389887,0.07007388933262645
2024-12-24 00:00:00+00:00,0.13012442709957514,0.0690671283258936,0.16960481016223541,0.07959552128312006,0.06984048226719462,0.07844770351700463,0.08657793130338096,0.08369440255108494,0.0,0.07011262257141912,0.09268632393824974,0.0702486469808417
2024-12-25 00:00:00+00:00,0.13165062040271275,0.06850814610148488,0.16947096133271797,0.07919223318408833,0.06973899371510438,0.07793124412822597,0.08829251878731334,0.08285449099019293,0.0,0.07049160067455841,0.09214482311795573,0.06972436756564514
2024-12-26 00:00:00+00:00,0.132124131336545,0.06849995295661751,0.16914168246147912,0.07916890125128216,0.06963787187874386,0.07795953443872046,0.08843424745844444,0.08269205283153915,0.0,0.07088066128838044,0.09200164236585415,0.06945932173239383
2024-12-27 00:00:00+00:00,0.13143574073931413,0.06841001681205679,0.16920283185316828,0.07934104921205298,0.06951485854698007,0.07812435224768133,0.08844261160118956,0.08283072789754373,0.0,0.07093969925850829,0.09236369889821008,0.06939441293329472
2024-12-28 00:00:00+00:00,0.13116012420408546,0.06825070237435425,0.16924145622274872,0.0794008248064943,0.0704923970523667,0.07801794551865553,0.0884444607644387,0.0827838452430608,0.0,0.07076453115772377,0.09232907917266628,0.06911463348340556
2024-12-29 00:00:00+00:00,0.12896555366791726,0.06859474601090651,0.16849838388706986,0.07961572666211601,0.0709043763286565,0.07841103935566449,0.08863324082973721,0.08294046514814224,0.0,0.07107566069903805,0.09304305305178429,0.06931775435896766
2024-12-30 00:00:00+00:00,0.1295351447276762,0.0687903114409276,0.16452110323526334,0.07984152654166621,0.0715651971180273,0.0787302540089723,0.08873097308790576,0.08298270965001212,0.0,0.07221057005306744,0.09348512641842056,0.06960708371806114
2024-12-31 00:00:00+00:00,0.13022815194040568,0.06847327793022547,0.164285288075458,0.07977017025758386,0.07174361426002668,0.07831400675113692,0.0885516005914011,0.08305111489075329,0.0,0.07204066183481875,0.09367805600160839,0.06986405746658182
